/*--------------------------------*- C++ -*----------------------------------*\
  =========                 |
  \\      /  F ield         | OpenFOAM: The Open Source CFD Toolbox
   \\    /   O peration     | Website:  https://openfoam.org
    \\  /    A nd           | Version:  6
     \\/     M anipulation  |
\*---------------------------------------------------------------------------*/
FoamFile
{
    version     2.0;
    format      ascii;
    class       vectorField;
    location    "constant/polyMesh";
    object      points;
}
// * * * * * * * * * * * * * * * * * * * * * * * * * * * * * * * * * * * * * //


3782
(
(0 0 0)
(0.003 0 0)
(0.006 0 0)
(0.009 0 0)
(0.012 0 0)
(0.015 0 0)
(0.018 0 0)
(0.021 0 0)
(0.024 0 0)
(0.027 0 0)
(0.03 0 0)
(0.033 0 0)
(0.036 0 0)
(0.039 0 0)
(0.042 0 0)
(0.045 0 0)
(0.048 0 0)
(0.051 0 0)
(0.054 0 0)
(0.057 0 0)
(0.06 0 0)
(0.063 0 0)
(0.066 0 0)
(0.069 0 0)
(0.072 0 0)
(0.075 0 0)
(0.078 0 0)
(0.081 0 0)
(0.084 0 0)
(0.087 0 0)
(0.09 0 0)
(0 0.09 0)
(0.003 0.09 0)
(0.006 0.09 0)
(0.009 0.09 0)
(0.012 0.09 0)
(0.015 0.09 0)
(0.018 0.09 0)
(0.021 0.09 0)
(0.024 0.09 0)
(0.027 0.09 0)
(0.03 0.09 0)
(0.033 0.09 0)
(0.036 0.09 0)
(0.039 0.09 0)
(0.042 0.09 0)
(0.045 0.09 0)
(0.048 0.09 0)
(0.051 0.09 0)
(0.054 0.09 0)
(0.057 0.09 0)
(0.06 0.09 0)
(0.063 0.09 0)
(0.066 0.09 0)
(0.069 0.09 0)
(0.072 0.09 0)
(0.075 0.09 0)
(0.078 0.09 0)
(0.081 0.09 0)
(0.084 0.09 0)
(0.087 0.09 0)
(0.09 0.09 0)
(0 0 0.003)
(0.003 0 0.003)
(0.006 0 0.003)
(0.009 0 0.003)
(0.012 0 0.003)
(0.015 0 0.003)
(0.018 0 0.003)
(0.021 0 0.003)
(0.024 0 0.003)
(0.027 0 0.003)
(0.03 0 0.003)
(0.033 0 0.003)
(0.036 0 0.003)
(0.039 0 0.003)
(0.042 0 0.003)
(0.045 0 0.003)
(0.048 0 0.003)
(0.051 0 0.003)
(0.054 0 0.003)
(0.057 0 0.003)
(0.06 0 0.003)
(0.063 0 0.003)
(0.066 0 0.003)
(0.069 0 0.003)
(0.072 0 0.003)
(0.075 0 0.003)
(0.078 0 0.003)
(0.081 0 0.003)
(0.084 0 0.003)
(0.087 0 0.003)
(0.09 0 0.003)
(0 0.09 0.003)
(0.003 0.09 0.003)
(0.006 0.09 0.003)
(0.009 0.09 0.003)
(0.012 0.09 0.003)
(0.015 0.09 0.003)
(0.018 0.09 0.003)
(0.021 0.09 0.003)
(0.024 0.09 0.003)
(0.027 0.09 0.003)
(0.03 0.09 0.003)
(0.033 0.09 0.003)
(0.036 0.09 0.003)
(0.039 0.09 0.003)
(0.042 0.09 0.003)
(0.045 0.09 0.003)
(0.048 0.09 0.003)
(0.051 0.09 0.003)
(0.054 0.09 0.003)
(0.057 0.09 0.003)
(0.06 0.09 0.003)
(0.063 0.09 0.003)
(0.066 0.09 0.003)
(0.069 0.09 0.003)
(0.072 0.09 0.003)
(0.075 0.09 0.003)
(0.078 0.09 0.003)
(0.081 0.09 0.003)
(0.084 0.09 0.003)
(0.087 0.09 0.003)
(0.09 0.09 0.003)
(0 0 0.006)
(0.003 0 0.006)
(0.006 0 0.006)
(0.009 0 0.006)
(0.012 0 0.006)
(0.015 0 0.006)
(0.018 0 0.006)
(0.021 0 0.006)
(0.024 0 0.006)
(0.027 0 0.006)
(0.03 0 0.006)
(0.033 0 0.006)
(0.036 0 0.006)
(0.039 0 0.006)
(0.042 0 0.006)
(0.045 0 0.006)
(0.048 0 0.006)
(0.051 0 0.006)
(0.054 0 0.006)
(0.057 0 0.006)
(0.06 0 0.006)
(0.063 0 0.006)
(0.066 0 0.006)
(0.069 0 0.006)
(0.072 0 0.006)
(0.075 0 0.006)
(0.078 0 0.006)
(0.081 0 0.006)
(0.084 0 0.006)
(0.087 0 0.006)
(0.09 0 0.006)
(0 0.09 0.006)
(0.003 0.09 0.006)
(0.006 0.09 0.006)
(0.009 0.09 0.006)
(0.012 0.09 0.006)
(0.015 0.09 0.006)
(0.018 0.09 0.006)
(0.021 0.09 0.006)
(0.024 0.09 0.006)
(0.027 0.09 0.006)
(0.03 0.09 0.006)
(0.033 0.09 0.006)
(0.036 0.09 0.006)
(0.039 0.09 0.006)
(0.042 0.09 0.006)
(0.045 0.09 0.006)
(0.048 0.09 0.006)
(0.051 0.09 0.006)
(0.054 0.09 0.006)
(0.057 0.09 0.006)
(0.06 0.09 0.006)
(0.063 0.09 0.006)
(0.066 0.09 0.006)
(0.069 0.09 0.006)
(0.072 0.09 0.006)
(0.075 0.09 0.006)
(0.078 0.09 0.006)
(0.081 0.09 0.006)
(0.084 0.09 0.006)
(0.087 0.09 0.006)
(0.09 0.09 0.006)
(0 0 0.009)
(0.003 0 0.009)
(0.006 0 0.009)
(0.009 0 0.009)
(0.012 0 0.009)
(0.015 0 0.009)
(0.018 0 0.009)
(0.021 0 0.009)
(0.024 0 0.009)
(0.027 0 0.009)
(0.03 0 0.009)
(0.033 0 0.009)
(0.036 0 0.009)
(0.039 0 0.009)
(0.042 0 0.009)
(0.045 0 0.009)
(0.048 0 0.009)
(0.051 0 0.009)
(0.054 0 0.009)
(0.057 0 0.009)
(0.06 0 0.009)
(0.063 0 0.009)
(0.066 0 0.009)
(0.069 0 0.009)
(0.072 0 0.009)
(0.075 0 0.009)
(0.078 0 0.009)
(0.081 0 0.009)
(0.084 0 0.009)
(0.087 0 0.009)
(0.09 0 0.009)
(0 0.09 0.009)
(0.003 0.09 0.009)
(0.006 0.09 0.009)
(0.009 0.09 0.009)
(0.012 0.09 0.009)
(0.015 0.09 0.009)
(0.018 0.09 0.009)
(0.021 0.09 0.009)
(0.024 0.09 0.009)
(0.027 0.09 0.009)
(0.03 0.09 0.009)
(0.033 0.09 0.009)
(0.036 0.09 0.009)
(0.039 0.09 0.009)
(0.042 0.09 0.009)
(0.045 0.09 0.009)
(0.048 0.09 0.009)
(0.051 0.09 0.009)
(0.054 0.09 0.009)
(0.057 0.09 0.009)
(0.06 0.09 0.009)
(0.063 0.09 0.009)
(0.066 0.09 0.009)
(0.069 0.09 0.009)
(0.072 0.09 0.009)
(0.075 0.09 0.009)
(0.078 0.09 0.009)
(0.081 0.09 0.009)
(0.084 0.09 0.009)
(0.087 0.09 0.009)
(0.09 0.09 0.009)
(0 0 0.012)
(0.003 0 0.012)
(0.006 0 0.012)
(0.009 0 0.012)
(0.012 0 0.012)
(0.015 0 0.012)
(0.018 0 0.012)
(0.021 0 0.012)
(0.024 0 0.012)
(0.027 0 0.012)
(0.03 0 0.012)
(0.033 0 0.012)
(0.036 0 0.012)
(0.039 0 0.012)
(0.042 0 0.012)
(0.045 0 0.012)
(0.048 0 0.012)
(0.051 0 0.012)
(0.054 0 0.012)
(0.057 0 0.012)
(0.06 0 0.012)
(0.063 0 0.012)
(0.066 0 0.012)
(0.069 0 0.012)
(0.072 0 0.012)
(0.075 0 0.012)
(0.078 0 0.012)
(0.081 0 0.012)
(0.084 0 0.012)
(0.087 0 0.012)
(0.09 0 0.012)
(0 0.09 0.012)
(0.003 0.09 0.012)
(0.006 0.09 0.012)
(0.009 0.09 0.012)
(0.012 0.09 0.012)
(0.015 0.09 0.012)
(0.018 0.09 0.012)
(0.021 0.09 0.012)
(0.024 0.09 0.012)
(0.027 0.09 0.012)
(0.03 0.09 0.012)
(0.033 0.09 0.012)
(0.036 0.09 0.012)
(0.039 0.09 0.012)
(0.042 0.09 0.012)
(0.045 0.09 0.012)
(0.048 0.09 0.012)
(0.051 0.09 0.012)
(0.054 0.09 0.012)
(0.057 0.09 0.012)
(0.06 0.09 0.012)
(0.063 0.09 0.012)
(0.066 0.09 0.012)
(0.069 0.09 0.012)
(0.072 0.09 0.012)
(0.075 0.09 0.012)
(0.078 0.09 0.012)
(0.081 0.09 0.012)
(0.084 0.09 0.012)
(0.087 0.09 0.012)
(0.09 0.09 0.012)
(0 0 0.015)
(0.003 0 0.015)
(0.006 0 0.015)
(0.009 0 0.015)
(0.012 0 0.015)
(0.015 0 0.015)
(0.018 0 0.015)
(0.021 0 0.015)
(0.024 0 0.015)
(0.027 0 0.015)
(0.03 0 0.015)
(0.033 0 0.015)
(0.036 0 0.015)
(0.039 0 0.015)
(0.042 0 0.015)
(0.045 0 0.015)
(0.048 0 0.015)
(0.051 0 0.015)
(0.054 0 0.015)
(0.057 0 0.015)
(0.06 0 0.015)
(0.063 0 0.015)
(0.066 0 0.015)
(0.069 0 0.015)
(0.072 0 0.015)
(0.075 0 0.015)
(0.078 0 0.015)
(0.081 0 0.015)
(0.084 0 0.015)
(0.087 0 0.015)
(0.09 0 0.015)
(0 0.09 0.015)
(0.003 0.09 0.015)
(0.006 0.09 0.015)
(0.009 0.09 0.015)
(0.012 0.09 0.015)
(0.015 0.09 0.015)
(0.018 0.09 0.015)
(0.021 0.09 0.015)
(0.024 0.09 0.015)
(0.027 0.09 0.015)
(0.03 0.09 0.015)
(0.033 0.09 0.015)
(0.036 0.09 0.015)
(0.039 0.09 0.015)
(0.042 0.09 0.015)
(0.045 0.09 0.015)
(0.048 0.09 0.015)
(0.051 0.09 0.015)
(0.054 0.09 0.015)
(0.057 0.09 0.015)
(0.06 0.09 0.015)
(0.063 0.09 0.015)
(0.066 0.09 0.015)
(0.069 0.09 0.015)
(0.072 0.09 0.015)
(0.075 0.09 0.015)
(0.078 0.09 0.015)
(0.081 0.09 0.015)
(0.084 0.09 0.015)
(0.087 0.09 0.015)
(0.09 0.09 0.015)
(0 0 0.018)
(0.003 0 0.018)
(0.006 0 0.018)
(0.009 0 0.018)
(0.012 0 0.018)
(0.015 0 0.018)
(0.018 0 0.018)
(0.021 0 0.018)
(0.024 0 0.018)
(0.027 0 0.018)
(0.03 0 0.018)
(0.033 0 0.018)
(0.036 0 0.018)
(0.039 0 0.018)
(0.042 0 0.018)
(0.045 0 0.018)
(0.048 0 0.018)
(0.051 0 0.018)
(0.054 0 0.018)
(0.057 0 0.018)
(0.06 0 0.018)
(0.063 0 0.018)
(0.066 0 0.018)
(0.069 0 0.018)
(0.072 0 0.018)
(0.075 0 0.018)
(0.078 0 0.018)
(0.081 0 0.018)
(0.084 0 0.018)
(0.087 0 0.018)
(0.09 0 0.018)
(0 0.09 0.018)
(0.003 0.09 0.018)
(0.006 0.09 0.018)
(0.009 0.09 0.018)
(0.012 0.09 0.018)
(0.015 0.09 0.018)
(0.018 0.09 0.018)
(0.021 0.09 0.018)
(0.024 0.09 0.018)
(0.027 0.09 0.018)
(0.03 0.09 0.018)
(0.033 0.09 0.018)
(0.036 0.09 0.018)
(0.039 0.09 0.018)
(0.042 0.09 0.018)
(0.045 0.09 0.018)
(0.048 0.09 0.018)
(0.051 0.09 0.018)
(0.054 0.09 0.018)
(0.057 0.09 0.018)
(0.06 0.09 0.018)
(0.063 0.09 0.018)
(0.066 0.09 0.018)
(0.069 0.09 0.018)
(0.072 0.09 0.018)
(0.075 0.09 0.018)
(0.078 0.09 0.018)
(0.081 0.09 0.018)
(0.084 0.09 0.018)
(0.087 0.09 0.018)
(0.09 0.09 0.018)
(0 0 0.021)
(0.003 0 0.021)
(0.006 0 0.021)
(0.009 0 0.021)
(0.012 0 0.021)
(0.015 0 0.021)
(0.018 0 0.021)
(0.021 0 0.021)
(0.024 0 0.021)
(0.027 0 0.021)
(0.03 0 0.021)
(0.033 0 0.021)
(0.036 0 0.021)
(0.039 0 0.021)
(0.042 0 0.021)
(0.045 0 0.021)
(0.048 0 0.021)
(0.051 0 0.021)
(0.054 0 0.021)
(0.057 0 0.021)
(0.06 0 0.021)
(0.063 0 0.021)
(0.066 0 0.021)
(0.069 0 0.021)
(0.072 0 0.021)
(0.075 0 0.021)
(0.078 0 0.021)
(0.081 0 0.021)
(0.084 0 0.021)
(0.087 0 0.021)
(0.09 0 0.021)
(0 0.09 0.021)
(0.003 0.09 0.021)
(0.006 0.09 0.021)
(0.009 0.09 0.021)
(0.012 0.09 0.021)
(0.015 0.09 0.021)
(0.018 0.09 0.021)
(0.021 0.09 0.021)
(0.024 0.09 0.021)
(0.027 0.09 0.021)
(0.03 0.09 0.021)
(0.033 0.09 0.021)
(0.036 0.09 0.021)
(0.039 0.09 0.021)
(0.042 0.09 0.021)
(0.045 0.09 0.021)
(0.048 0.09 0.021)
(0.051 0.09 0.021)
(0.054 0.09 0.021)
(0.057 0.09 0.021)
(0.06 0.09 0.021)
(0.063 0.09 0.021)
(0.066 0.09 0.021)
(0.069 0.09 0.021)
(0.072 0.09 0.021)
(0.075 0.09 0.021)
(0.078 0.09 0.021)
(0.081 0.09 0.021)
(0.084 0.09 0.021)
(0.087 0.09 0.021)
(0.09 0.09 0.021)
(0 0 0.024)
(0.003 0 0.024)
(0.006 0 0.024)
(0.009 0 0.024)
(0.012 0 0.024)
(0.015 0 0.024)
(0.018 0 0.024)
(0.021 0 0.024)
(0.024 0 0.024)
(0.027 0 0.024)
(0.03 0 0.024)
(0.033 0 0.024)
(0.036 0 0.024)
(0.039 0 0.024)
(0.042 0 0.024)
(0.045 0 0.024)
(0.048 0 0.024)
(0.051 0 0.024)
(0.054 0 0.024)
(0.057 0 0.024)
(0.06 0 0.024)
(0.063 0 0.024)
(0.066 0 0.024)
(0.069 0 0.024)
(0.072 0 0.024)
(0.075 0 0.024)
(0.078 0 0.024)
(0.081 0 0.024)
(0.084 0 0.024)
(0.087 0 0.024)
(0.09 0 0.024)
(0 0.09 0.024)
(0.003 0.09 0.024)
(0.006 0.09 0.024)
(0.009 0.09 0.024)
(0.012 0.09 0.024)
(0.015 0.09 0.024)
(0.018 0.09 0.024)
(0.021 0.09 0.024)
(0.024 0.09 0.024)
(0.027 0.09 0.024)
(0.03 0.09 0.024)
(0.033 0.09 0.024)
(0.036 0.09 0.024)
(0.039 0.09 0.024)
(0.042 0.09 0.024)
(0.045 0.09 0.024)
(0.048 0.09 0.024)
(0.051 0.09 0.024)
(0.054 0.09 0.024)
(0.057 0.09 0.024)
(0.06 0.09 0.024)
(0.063 0.09 0.024)
(0.066 0.09 0.024)
(0.069 0.09 0.024)
(0.072 0.09 0.024)
(0.075 0.09 0.024)
(0.078 0.09 0.024)
(0.081 0.09 0.024)
(0.084 0.09 0.024)
(0.087 0.09 0.024)
(0.09 0.09 0.024)
(0 0 0.027)
(0.003 0 0.027)
(0.006 0 0.027)
(0.009 0 0.027)
(0.012 0 0.027)
(0.015 0 0.027)
(0.018 0 0.027)
(0.021 0 0.027)
(0.024 0 0.027)
(0.027 0 0.027)
(0.03 0 0.027)
(0.033 0 0.027)
(0.036 0 0.027)
(0.039 0 0.027)
(0.042 0 0.027)
(0.045 0 0.027)
(0.048 0 0.027)
(0.051 0 0.027)
(0.054 0 0.027)
(0.057 0 0.027)
(0.06 0 0.027)
(0.063 0 0.027)
(0.066 0 0.027)
(0.069 0 0.027)
(0.072 0 0.027)
(0.075 0 0.027)
(0.078 0 0.027)
(0.081 0 0.027)
(0.084 0 0.027)
(0.087 0 0.027)
(0.09 0 0.027)
(0 0.09 0.027)
(0.003 0.09 0.027)
(0.006 0.09 0.027)
(0.009 0.09 0.027)
(0.012 0.09 0.027)
(0.015 0.09 0.027)
(0.018 0.09 0.027)
(0.021 0.09 0.027)
(0.024 0.09 0.027)
(0.027 0.09 0.027)
(0.03 0.09 0.027)
(0.033 0.09 0.027)
(0.036 0.09 0.027)
(0.039 0.09 0.027)
(0.042 0.09 0.027)
(0.045 0.09 0.027)
(0.048 0.09 0.027)
(0.051 0.09 0.027)
(0.054 0.09 0.027)
(0.057 0.09 0.027)
(0.06 0.09 0.027)
(0.063 0.09 0.027)
(0.066 0.09 0.027)
(0.069 0.09 0.027)
(0.072 0.09 0.027)
(0.075 0.09 0.027)
(0.078 0.09 0.027)
(0.081 0.09 0.027)
(0.084 0.09 0.027)
(0.087 0.09 0.027)
(0.09 0.09 0.027)
(0 0 0.03)
(0.003 0 0.03)
(0.006 0 0.03)
(0.009 0 0.03)
(0.012 0 0.03)
(0.015 0 0.03)
(0.018 0 0.03)
(0.021 0 0.03)
(0.024 0 0.03)
(0.027 0 0.03)
(0.03 0 0.03)
(0.033 0 0.03)
(0.036 0 0.03)
(0.039 0 0.03)
(0.042 0 0.03)
(0.045 0 0.03)
(0.048 0 0.03)
(0.051 0 0.03)
(0.054 0 0.03)
(0.057 0 0.03)
(0.06 0 0.03)
(0.063 0 0.03)
(0.066 0 0.03)
(0.069 0 0.03)
(0.072 0 0.03)
(0.075 0 0.03)
(0.078 0 0.03)
(0.081 0 0.03)
(0.084 0 0.03)
(0.087 0 0.03)
(0.09 0 0.03)
(0 0.09 0.03)
(0.003 0.09 0.03)
(0.006 0.09 0.03)
(0.009 0.09 0.03)
(0.012 0.09 0.03)
(0.015 0.09 0.03)
(0.018 0.09 0.03)
(0.021 0.09 0.03)
(0.024 0.09 0.03)
(0.027 0.09 0.03)
(0.03 0.09 0.03)
(0.033 0.09 0.03)
(0.036 0.09 0.03)
(0.039 0.09 0.03)
(0.042 0.09 0.03)
(0.045 0.09 0.03)
(0.048 0.09 0.03)
(0.051 0.09 0.03)
(0.054 0.09 0.03)
(0.057 0.09 0.03)
(0.06 0.09 0.03)
(0.063 0.09 0.03)
(0.066 0.09 0.03)
(0.069 0.09 0.03)
(0.072 0.09 0.03)
(0.075 0.09 0.03)
(0.078 0.09 0.03)
(0.081 0.09 0.03)
(0.084 0.09 0.03)
(0.087 0.09 0.03)
(0.09 0.09 0.03)
(0 0 0.033)
(0.003 0 0.033)
(0.006 0 0.033)
(0.009 0 0.033)
(0.012 0 0.033)
(0.015 0 0.033)
(0.018 0 0.033)
(0.021 0 0.033)
(0.024 0 0.033)
(0.027 0 0.033)
(0.03 0 0.033)
(0.033 0 0.033)
(0.036 0 0.033)
(0.039 0 0.033)
(0.042 0 0.033)
(0.045 0 0.033)
(0.048 0 0.033)
(0.051 0 0.033)
(0.054 0 0.033)
(0.057 0 0.033)
(0.06 0 0.033)
(0.063 0 0.033)
(0.066 0 0.033)
(0.069 0 0.033)
(0.072 0 0.033)
(0.075 0 0.033)
(0.078 0 0.033)
(0.081 0 0.033)
(0.084 0 0.033)
(0.087 0 0.033)
(0.09 0 0.033)
(0 0.09 0.033)
(0.003 0.09 0.033)
(0.006 0.09 0.033)
(0.009 0.09 0.033)
(0.012 0.09 0.033)
(0.015 0.09 0.033)
(0.018 0.09 0.033)
(0.021 0.09 0.033)
(0.024 0.09 0.033)
(0.027 0.09 0.033)
(0.03 0.09 0.033)
(0.033 0.09 0.033)
(0.036 0.09 0.033)
(0.039 0.09 0.033)
(0.042 0.09 0.033)
(0.045 0.09 0.033)
(0.048 0.09 0.033)
(0.051 0.09 0.033)
(0.054 0.09 0.033)
(0.057 0.09 0.033)
(0.06 0.09 0.033)
(0.063 0.09 0.033)
(0.066 0.09 0.033)
(0.069 0.09 0.033)
(0.072 0.09 0.033)
(0.075 0.09 0.033)
(0.078 0.09 0.033)
(0.081 0.09 0.033)
(0.084 0.09 0.033)
(0.087 0.09 0.033)
(0.09 0.09 0.033)
(0 0 0.036)
(0.003 0 0.036)
(0.006 0 0.036)
(0.009 0 0.036)
(0.012 0 0.036)
(0.015 0 0.036)
(0.018 0 0.036)
(0.021 0 0.036)
(0.024 0 0.036)
(0.027 0 0.036)
(0.03 0 0.036)
(0.033 0 0.036)
(0.036 0 0.036)
(0.039 0 0.036)
(0.042 0 0.036)
(0.045 0 0.036)
(0.048 0 0.036)
(0.051 0 0.036)
(0.054 0 0.036)
(0.057 0 0.036)
(0.06 0 0.036)
(0.063 0 0.036)
(0.066 0 0.036)
(0.069 0 0.036)
(0.072 0 0.036)
(0.075 0 0.036)
(0.078 0 0.036)
(0.081 0 0.036)
(0.084 0 0.036)
(0.087 0 0.036)
(0.09 0 0.036)
(0 0.09 0.036)
(0.003 0.09 0.036)
(0.006 0.09 0.036)
(0.009 0.09 0.036)
(0.012 0.09 0.036)
(0.015 0.09 0.036)
(0.018 0.09 0.036)
(0.021 0.09 0.036)
(0.024 0.09 0.036)
(0.027 0.09 0.036)
(0.03 0.09 0.036)
(0.033 0.09 0.036)
(0.036 0.09 0.036)
(0.039 0.09 0.036)
(0.042 0.09 0.036)
(0.045 0.09 0.036)
(0.048 0.09 0.036)
(0.051 0.09 0.036)
(0.054 0.09 0.036)
(0.057 0.09 0.036)
(0.06 0.09 0.036)
(0.063 0.09 0.036)
(0.066 0.09 0.036)
(0.069 0.09 0.036)
(0.072 0.09 0.036)
(0.075 0.09 0.036)
(0.078 0.09 0.036)
(0.081 0.09 0.036)
(0.084 0.09 0.036)
(0.087 0.09 0.036)
(0.09 0.09 0.036)
(0 0 0.039)
(0.003 0 0.039)
(0.006 0 0.039)
(0.009 0 0.039)
(0.012 0 0.039)
(0.015 0 0.039)
(0.018 0 0.039)
(0.021 0 0.039)
(0.024 0 0.039)
(0.027 0 0.039)
(0.03 0 0.039)
(0.033 0 0.039)
(0.036 0 0.039)
(0.039 0 0.039)
(0.042 0 0.039)
(0.045 0 0.039)
(0.048 0 0.039)
(0.051 0 0.039)
(0.054 0 0.039)
(0.057 0 0.039)
(0.06 0 0.039)
(0.063 0 0.039)
(0.066 0 0.039)
(0.069 0 0.039)
(0.072 0 0.039)
(0.075 0 0.039)
(0.078 0 0.039)
(0.081 0 0.039)
(0.084 0 0.039)
(0.087 0 0.039)
(0.09 0 0.039)
(0 0.09 0.039)
(0.003 0.09 0.039)
(0.006 0.09 0.039)
(0.009 0.09 0.039)
(0.012 0.09 0.039)
(0.015 0.09 0.039)
(0.018 0.09 0.039)
(0.021 0.09 0.039)
(0.024 0.09 0.039)
(0.027 0.09 0.039)
(0.03 0.09 0.039)
(0.033 0.09 0.039)
(0.036 0.09 0.039)
(0.039 0.09 0.039)
(0.042 0.09 0.039)
(0.045 0.09 0.039)
(0.048 0.09 0.039)
(0.051 0.09 0.039)
(0.054 0.09 0.039)
(0.057 0.09 0.039)
(0.06 0.09 0.039)
(0.063 0.09 0.039)
(0.066 0.09 0.039)
(0.069 0.09 0.039)
(0.072 0.09 0.039)
(0.075 0.09 0.039)
(0.078 0.09 0.039)
(0.081 0.09 0.039)
(0.084 0.09 0.039)
(0.087 0.09 0.039)
(0.09 0.09 0.039)
(0 0 0.042)
(0.003 0 0.042)
(0.006 0 0.042)
(0.009 0 0.042)
(0.012 0 0.042)
(0.015 0 0.042)
(0.018 0 0.042)
(0.021 0 0.042)
(0.024 0 0.042)
(0.027 0 0.042)
(0.03 0 0.042)
(0.033 0 0.042)
(0.036 0 0.042)
(0.039 0 0.042)
(0.042 0 0.042)
(0.045 0 0.042)
(0.048 0 0.042)
(0.051 0 0.042)
(0.054 0 0.042)
(0.057 0 0.042)
(0.06 0 0.042)
(0.063 0 0.042)
(0.066 0 0.042)
(0.069 0 0.042)
(0.072 0 0.042)
(0.075 0 0.042)
(0.078 0 0.042)
(0.081 0 0.042)
(0.084 0 0.042)
(0.087 0 0.042)
(0.09 0 0.042)
(0 0.09 0.042)
(0.003 0.09 0.042)
(0.006 0.09 0.042)
(0.009 0.09 0.042)
(0.012 0.09 0.042)
(0.015 0.09 0.042)
(0.018 0.09 0.042)
(0.021 0.09 0.042)
(0.024 0.09 0.042)
(0.027 0.09 0.042)
(0.03 0.09 0.042)
(0.033 0.09 0.042)
(0.036 0.09 0.042)
(0.039 0.09 0.042)
(0.042 0.09 0.042)
(0.045 0.09 0.042)
(0.048 0.09 0.042)
(0.051 0.09 0.042)
(0.054 0.09 0.042)
(0.057 0.09 0.042)
(0.06 0.09 0.042)
(0.063 0.09 0.042)
(0.066 0.09 0.042)
(0.069 0.09 0.042)
(0.072 0.09 0.042)
(0.075 0.09 0.042)
(0.078 0.09 0.042)
(0.081 0.09 0.042)
(0.084 0.09 0.042)
(0.087 0.09 0.042)
(0.09 0.09 0.042)
(0 0 0.045)
(0.003 0 0.045)
(0.006 0 0.045)
(0.009 0 0.045)
(0.012 0 0.045)
(0.015 0 0.045)
(0.018 0 0.045)
(0.021 0 0.045)
(0.024 0 0.045)
(0.027 0 0.045)
(0.03 0 0.045)
(0.033 0 0.045)
(0.036 0 0.045)
(0.039 0 0.045)
(0.042 0 0.045)
(0.045 0 0.045)
(0.048 0 0.045)
(0.051 0 0.045)
(0.054 0 0.045)
(0.057 0 0.045)
(0.06 0 0.045)
(0.063 0 0.045)
(0.066 0 0.045)
(0.069 0 0.045)
(0.072 0 0.045)
(0.075 0 0.045)
(0.078 0 0.045)
(0.081 0 0.045)
(0.084 0 0.045)
(0.087 0 0.045)
(0.09 0 0.045)
(0 0.09 0.045)
(0.003 0.09 0.045)
(0.006 0.09 0.045)
(0.009 0.09 0.045)
(0.012 0.09 0.045)
(0.015 0.09 0.045)
(0.018 0.09 0.045)
(0.021 0.09 0.045)
(0.024 0.09 0.045)
(0.027 0.09 0.045)
(0.03 0.09 0.045)
(0.033 0.09 0.045)
(0.036 0.09 0.045)
(0.039 0.09 0.045)
(0.042 0.09 0.045)
(0.045 0.09 0.045)
(0.048 0.09 0.045)
(0.051 0.09 0.045)
(0.054 0.09 0.045)
(0.057 0.09 0.045)
(0.06 0.09 0.045)
(0.063 0.09 0.045)
(0.066 0.09 0.045)
(0.069 0.09 0.045)
(0.072 0.09 0.045)
(0.075 0.09 0.045)
(0.078 0.09 0.045)
(0.081 0.09 0.045)
(0.084 0.09 0.045)
(0.087 0.09 0.045)
(0.09 0.09 0.045)
(0 0 0.048)
(0.003 0 0.048)
(0.006 0 0.048)
(0.009 0 0.048)
(0.012 0 0.048)
(0.015 0 0.048)
(0.018 0 0.048)
(0.021 0 0.048)
(0.024 0 0.048)
(0.027 0 0.048)
(0.03 0 0.048)
(0.033 0 0.048)
(0.036 0 0.048)
(0.039 0 0.048)
(0.042 0 0.048)
(0.045 0 0.048)
(0.048 0 0.048)
(0.051 0 0.048)
(0.054 0 0.048)
(0.057 0 0.048)
(0.06 0 0.048)
(0.063 0 0.048)
(0.066 0 0.048)
(0.069 0 0.048)
(0.072 0 0.048)
(0.075 0 0.048)
(0.078 0 0.048)
(0.081 0 0.048)
(0.084 0 0.048)
(0.087 0 0.048)
(0.09 0 0.048)
(0 0.09 0.048)
(0.003 0.09 0.048)
(0.006 0.09 0.048)
(0.009 0.09 0.048)
(0.012 0.09 0.048)
(0.015 0.09 0.048)
(0.018 0.09 0.048)
(0.021 0.09 0.048)
(0.024 0.09 0.048)
(0.027 0.09 0.048)
(0.03 0.09 0.048)
(0.033 0.09 0.048)
(0.036 0.09 0.048)
(0.039 0.09 0.048)
(0.042 0.09 0.048)
(0.045 0.09 0.048)
(0.048 0.09 0.048)
(0.051 0.09 0.048)
(0.054 0.09 0.048)
(0.057 0.09 0.048)
(0.06 0.09 0.048)
(0.063 0.09 0.048)
(0.066 0.09 0.048)
(0.069 0.09 0.048)
(0.072 0.09 0.048)
(0.075 0.09 0.048)
(0.078 0.09 0.048)
(0.081 0.09 0.048)
(0.084 0.09 0.048)
(0.087 0.09 0.048)
(0.09 0.09 0.048)
(0 0 0.051)
(0.003 0 0.051)
(0.006 0 0.051)
(0.009 0 0.051)
(0.012 0 0.051)
(0.015 0 0.051)
(0.018 0 0.051)
(0.021 0 0.051)
(0.024 0 0.051)
(0.027 0 0.051)
(0.03 0 0.051)
(0.033 0 0.051)
(0.036 0 0.051)
(0.039 0 0.051)
(0.042 0 0.051)
(0.045 0 0.051)
(0.048 0 0.051)
(0.051 0 0.051)
(0.054 0 0.051)
(0.057 0 0.051)
(0.06 0 0.051)
(0.063 0 0.051)
(0.066 0 0.051)
(0.069 0 0.051)
(0.072 0 0.051)
(0.075 0 0.051)
(0.078 0 0.051)
(0.081 0 0.051)
(0.084 0 0.051)
(0.087 0 0.051)
(0.09 0 0.051)
(0 0.09 0.051)
(0.003 0.09 0.051)
(0.006 0.09 0.051)
(0.009 0.09 0.051)
(0.012 0.09 0.051)
(0.015 0.09 0.051)
(0.018 0.09 0.051)
(0.021 0.09 0.051)
(0.024 0.09 0.051)
(0.027 0.09 0.051)
(0.03 0.09 0.051)
(0.033 0.09 0.051)
(0.036 0.09 0.051)
(0.039 0.09 0.051)
(0.042 0.09 0.051)
(0.045 0.09 0.051)
(0.048 0.09 0.051)
(0.051 0.09 0.051)
(0.054 0.09 0.051)
(0.057 0.09 0.051)
(0.06 0.09 0.051)
(0.063 0.09 0.051)
(0.066 0.09 0.051)
(0.069 0.09 0.051)
(0.072 0.09 0.051)
(0.075 0.09 0.051)
(0.078 0.09 0.051)
(0.081 0.09 0.051)
(0.084 0.09 0.051)
(0.087 0.09 0.051)
(0.09 0.09 0.051)
(0 0 0.054)
(0.003 0 0.054)
(0.006 0 0.054)
(0.009 0 0.054)
(0.012 0 0.054)
(0.015 0 0.054)
(0.018 0 0.054)
(0.021 0 0.054)
(0.024 0 0.054)
(0.027 0 0.054)
(0.03 0 0.054)
(0.033 0 0.054)
(0.036 0 0.054)
(0.039 0 0.054)
(0.042 0 0.054)
(0.045 0 0.054)
(0.048 0 0.054)
(0.051 0 0.054)
(0.054 0 0.054)
(0.057 0 0.054)
(0.06 0 0.054)
(0.063 0 0.054)
(0.066 0 0.054)
(0.069 0 0.054)
(0.072 0 0.054)
(0.075 0 0.054)
(0.078 0 0.054)
(0.081 0 0.054)
(0.084 0 0.054)
(0.087 0 0.054)
(0.09 0 0.054)
(0 0.09 0.054)
(0.003 0.09 0.054)
(0.006 0.09 0.054)
(0.009 0.09 0.054)
(0.012 0.09 0.054)
(0.015 0.09 0.054)
(0.018 0.09 0.054)
(0.021 0.09 0.054)
(0.024 0.09 0.054)
(0.027 0.09 0.054)
(0.03 0.09 0.054)
(0.033 0.09 0.054)
(0.036 0.09 0.054)
(0.039 0.09 0.054)
(0.042 0.09 0.054)
(0.045 0.09 0.054)
(0.048 0.09 0.054)
(0.051 0.09 0.054)
(0.054 0.09 0.054)
(0.057 0.09 0.054)
(0.06 0.09 0.054)
(0.063 0.09 0.054)
(0.066 0.09 0.054)
(0.069 0.09 0.054)
(0.072 0.09 0.054)
(0.075 0.09 0.054)
(0.078 0.09 0.054)
(0.081 0.09 0.054)
(0.084 0.09 0.054)
(0.087 0.09 0.054)
(0.09 0.09 0.054)
(0 0 0.057)
(0.003 0 0.057)
(0.006 0 0.057)
(0.009 0 0.057)
(0.012 0 0.057)
(0.015 0 0.057)
(0.018 0 0.057)
(0.021 0 0.057)
(0.024 0 0.057)
(0.027 0 0.057)
(0.03 0 0.057)
(0.033 0 0.057)
(0.036 0 0.057)
(0.039 0 0.057)
(0.042 0 0.057)
(0.045 0 0.057)
(0.048 0 0.057)
(0.051 0 0.057)
(0.054 0 0.057)
(0.057 0 0.057)
(0.06 0 0.057)
(0.063 0 0.057)
(0.066 0 0.057)
(0.069 0 0.057)
(0.072 0 0.057)
(0.075 0 0.057)
(0.078 0 0.057)
(0.081 0 0.057)
(0.084 0 0.057)
(0.087 0 0.057)
(0.09 0 0.057)
(0 0.09 0.057)
(0.003 0.09 0.057)
(0.006 0.09 0.057)
(0.009 0.09 0.057)
(0.012 0.09 0.057)
(0.015 0.09 0.057)
(0.018 0.09 0.057)
(0.021 0.09 0.057)
(0.024 0.09 0.057)
(0.027 0.09 0.057)
(0.03 0.09 0.057)
(0.033 0.09 0.057)
(0.036 0.09 0.057)
(0.039 0.09 0.057)
(0.042 0.09 0.057)
(0.045 0.09 0.057)
(0.048 0.09 0.057)
(0.051 0.09 0.057)
(0.054 0.09 0.057)
(0.057 0.09 0.057)
(0.06 0.09 0.057)
(0.063 0.09 0.057)
(0.066 0.09 0.057)
(0.069 0.09 0.057)
(0.072 0.09 0.057)
(0.075 0.09 0.057)
(0.078 0.09 0.057)
(0.081 0.09 0.057)
(0.084 0.09 0.057)
(0.087 0.09 0.057)
(0.09 0.09 0.057)
(0 0 0.06)
(0.003 0 0.06)
(0.006 0 0.06)
(0.009 0 0.06)
(0.012 0 0.06)
(0.015 0 0.06)
(0.018 0 0.06)
(0.021 0 0.06)
(0.024 0 0.06)
(0.027 0 0.06)
(0.03 0 0.06)
(0.033 0 0.06)
(0.036 0 0.06)
(0.039 0 0.06)
(0.042 0 0.06)
(0.045 0 0.06)
(0.048 0 0.06)
(0.051 0 0.06)
(0.054 0 0.06)
(0.057 0 0.06)
(0.06 0 0.06)
(0.063 0 0.06)
(0.066 0 0.06)
(0.069 0 0.06)
(0.072 0 0.06)
(0.075 0 0.06)
(0.078 0 0.06)
(0.081 0 0.06)
(0.084 0 0.06)
(0.087 0 0.06)
(0.09 0 0.06)
(0 0.09 0.06)
(0.003 0.09 0.06)
(0.006 0.09 0.06)
(0.009 0.09 0.06)
(0.012 0.09 0.06)
(0.015 0.09 0.06)
(0.018 0.09 0.06)
(0.021 0.09 0.06)
(0.024 0.09 0.06)
(0.027 0.09 0.06)
(0.03 0.09 0.06)
(0.033 0.09 0.06)
(0.036 0.09 0.06)
(0.039 0.09 0.06)
(0.042 0.09 0.06)
(0.045 0.09 0.06)
(0.048 0.09 0.06)
(0.051 0.09 0.06)
(0.054 0.09 0.06)
(0.057 0.09 0.06)
(0.06 0.09 0.06)
(0.063 0.09 0.06)
(0.066 0.09 0.06)
(0.069 0.09 0.06)
(0.072 0.09 0.06)
(0.075 0.09 0.06)
(0.078 0.09 0.06)
(0.081 0.09 0.06)
(0.084 0.09 0.06)
(0.087 0.09 0.06)
(0.09 0.09 0.06)
(0 0 0.063)
(0.003 0 0.063)
(0.006 0 0.063)
(0.009 0 0.063)
(0.012 0 0.063)
(0.015 0 0.063)
(0.018 0 0.063)
(0.021 0 0.063)
(0.024 0 0.063)
(0.027 0 0.063)
(0.03 0 0.063)
(0.033 0 0.063)
(0.036 0 0.063)
(0.039 0 0.063)
(0.042 0 0.063)
(0.045 0 0.063)
(0.048 0 0.063)
(0.051 0 0.063)
(0.054 0 0.063)
(0.057 0 0.063)
(0.06 0 0.063)
(0.063 0 0.063)
(0.066 0 0.063)
(0.069 0 0.063)
(0.072 0 0.063)
(0.075 0 0.063)
(0.078 0 0.063)
(0.081 0 0.063)
(0.084 0 0.063)
(0.087 0 0.063)
(0.09 0 0.063)
(0 0.09 0.063)
(0.003 0.09 0.063)
(0.006 0.09 0.063)
(0.009 0.09 0.063)
(0.012 0.09 0.063)
(0.015 0.09 0.063)
(0.018 0.09 0.063)
(0.021 0.09 0.063)
(0.024 0.09 0.063)
(0.027 0.09 0.063)
(0.03 0.09 0.063)
(0.033 0.09 0.063)
(0.036 0.09 0.063)
(0.039 0.09 0.063)
(0.042 0.09 0.063)
(0.045 0.09 0.063)
(0.048 0.09 0.063)
(0.051 0.09 0.063)
(0.054 0.09 0.063)
(0.057 0.09 0.063)
(0.06 0.09 0.063)
(0.063 0.09 0.063)
(0.066 0.09 0.063)
(0.069 0.09 0.063)
(0.072 0.09 0.063)
(0.075 0.09 0.063)
(0.078 0.09 0.063)
(0.081 0.09 0.063)
(0.084 0.09 0.063)
(0.087 0.09 0.063)
(0.09 0.09 0.063)
(0 0 0.066)
(0.003 0 0.066)
(0.006 0 0.066)
(0.009 0 0.066)
(0.012 0 0.066)
(0.015 0 0.066)
(0.018 0 0.066)
(0.021 0 0.066)
(0.024 0 0.066)
(0.027 0 0.066)
(0.03 0 0.066)
(0.033 0 0.066)
(0.036 0 0.066)
(0.039 0 0.066)
(0.042 0 0.066)
(0.045 0 0.066)
(0.048 0 0.066)
(0.051 0 0.066)
(0.054 0 0.066)
(0.057 0 0.066)
(0.06 0 0.066)
(0.063 0 0.066)
(0.066 0 0.066)
(0.069 0 0.066)
(0.072 0 0.066)
(0.075 0 0.066)
(0.078 0 0.066)
(0.081 0 0.066)
(0.084 0 0.066)
(0.087 0 0.066)
(0.09 0 0.066)
(0 0.09 0.066)
(0.003 0.09 0.066)
(0.006 0.09 0.066)
(0.009 0.09 0.066)
(0.012 0.09 0.066)
(0.015 0.09 0.066)
(0.018 0.09 0.066)
(0.021 0.09 0.066)
(0.024 0.09 0.066)
(0.027 0.09 0.066)
(0.03 0.09 0.066)
(0.033 0.09 0.066)
(0.036 0.09 0.066)
(0.039 0.09 0.066)
(0.042 0.09 0.066)
(0.045 0.09 0.066)
(0.048 0.09 0.066)
(0.051 0.09 0.066)
(0.054 0.09 0.066)
(0.057 0.09 0.066)
(0.06 0.09 0.066)
(0.063 0.09 0.066)
(0.066 0.09 0.066)
(0.069 0.09 0.066)
(0.072 0.09 0.066)
(0.075 0.09 0.066)
(0.078 0.09 0.066)
(0.081 0.09 0.066)
(0.084 0.09 0.066)
(0.087 0.09 0.066)
(0.09 0.09 0.066)
(0 0 0.069)
(0.003 0 0.069)
(0.006 0 0.069)
(0.009 0 0.069)
(0.012 0 0.069)
(0.015 0 0.069)
(0.018 0 0.069)
(0.021 0 0.069)
(0.024 0 0.069)
(0.027 0 0.069)
(0.03 0 0.069)
(0.033 0 0.069)
(0.036 0 0.069)
(0.039 0 0.069)
(0.042 0 0.069)
(0.045 0 0.069)
(0.048 0 0.069)
(0.051 0 0.069)
(0.054 0 0.069)
(0.057 0 0.069)
(0.06 0 0.069)
(0.063 0 0.069)
(0.066 0 0.069)
(0.069 0 0.069)
(0.072 0 0.069)
(0.075 0 0.069)
(0.078 0 0.069)
(0.081 0 0.069)
(0.084 0 0.069)
(0.087 0 0.069)
(0.09 0 0.069)
(0 0.09 0.069)
(0.003 0.09 0.069)
(0.006 0.09 0.069)
(0.009 0.09 0.069)
(0.012 0.09 0.069)
(0.015 0.09 0.069)
(0.018 0.09 0.069)
(0.021 0.09 0.069)
(0.024 0.09 0.069)
(0.027 0.09 0.069)
(0.03 0.09 0.069)
(0.033 0.09 0.069)
(0.036 0.09 0.069)
(0.039 0.09 0.069)
(0.042 0.09 0.069)
(0.045 0.09 0.069)
(0.048 0.09 0.069)
(0.051 0.09 0.069)
(0.054 0.09 0.069)
(0.057 0.09 0.069)
(0.06 0.09 0.069)
(0.063 0.09 0.069)
(0.066 0.09 0.069)
(0.069 0.09 0.069)
(0.072 0.09 0.069)
(0.075 0.09 0.069)
(0.078 0.09 0.069)
(0.081 0.09 0.069)
(0.084 0.09 0.069)
(0.087 0.09 0.069)
(0.09 0.09 0.069)
(0 0 0.072)
(0.003 0 0.072)
(0.006 0 0.072)
(0.009 0 0.072)
(0.012 0 0.072)
(0.015 0 0.072)
(0.018 0 0.072)
(0.021 0 0.072)
(0.024 0 0.072)
(0.027 0 0.072)
(0.03 0 0.072)
(0.033 0 0.072)
(0.036 0 0.072)
(0.039 0 0.072)
(0.042 0 0.072)
(0.045 0 0.072)
(0.048 0 0.072)
(0.051 0 0.072)
(0.054 0 0.072)
(0.057 0 0.072)
(0.06 0 0.072)
(0.063 0 0.072)
(0.066 0 0.072)
(0.069 0 0.072)
(0.072 0 0.072)
(0.075 0 0.072)
(0.078 0 0.072)
(0.081 0 0.072)
(0.084 0 0.072)
(0.087 0 0.072)
(0.09 0 0.072)
(0 0.09 0.072)
(0.003 0.09 0.072)
(0.006 0.09 0.072)
(0.009 0.09 0.072)
(0.012 0.09 0.072)
(0.015 0.09 0.072)
(0.018 0.09 0.072)
(0.021 0.09 0.072)
(0.024 0.09 0.072)
(0.027 0.09 0.072)
(0.03 0.09 0.072)
(0.033 0.09 0.072)
(0.036 0.09 0.072)
(0.039 0.09 0.072)
(0.042 0.09 0.072)
(0.045 0.09 0.072)
(0.048 0.09 0.072)
(0.051 0.09 0.072)
(0.054 0.09 0.072)
(0.057 0.09 0.072)
(0.06 0.09 0.072)
(0.063 0.09 0.072)
(0.066 0.09 0.072)
(0.069 0.09 0.072)
(0.072 0.09 0.072)
(0.075 0.09 0.072)
(0.078 0.09 0.072)
(0.081 0.09 0.072)
(0.084 0.09 0.072)
(0.087 0.09 0.072)
(0.09 0.09 0.072)
(0 0 0.075)
(0.003 0 0.075)
(0.006 0 0.075)
(0.009 0 0.075)
(0.012 0 0.075)
(0.015 0 0.075)
(0.018 0 0.075)
(0.021 0 0.075)
(0.024 0 0.075)
(0.027 0 0.075)
(0.03 0 0.075)
(0.033 0 0.075)
(0.036 0 0.075)
(0.039 0 0.075)
(0.042 0 0.075)
(0.045 0 0.075)
(0.048 0 0.075)
(0.051 0 0.075)
(0.054 0 0.075)
(0.057 0 0.075)
(0.06 0 0.075)
(0.063 0 0.075)
(0.066 0 0.075)
(0.069 0 0.075)
(0.072 0 0.075)
(0.075 0 0.075)
(0.078 0 0.075)
(0.081 0 0.075)
(0.084 0 0.075)
(0.087 0 0.075)
(0.09 0 0.075)
(0 0.09 0.075)
(0.003 0.09 0.075)
(0.006 0.09 0.075)
(0.009 0.09 0.075)
(0.012 0.09 0.075)
(0.015 0.09 0.075)
(0.018 0.09 0.075)
(0.021 0.09 0.075)
(0.024 0.09 0.075)
(0.027 0.09 0.075)
(0.03 0.09 0.075)
(0.033 0.09 0.075)
(0.036 0.09 0.075)
(0.039 0.09 0.075)
(0.042 0.09 0.075)
(0.045 0.09 0.075)
(0.048 0.09 0.075)
(0.051 0.09 0.075)
(0.054 0.09 0.075)
(0.057 0.09 0.075)
(0.06 0.09 0.075)
(0.063 0.09 0.075)
(0.066 0.09 0.075)
(0.069 0.09 0.075)
(0.072 0.09 0.075)
(0.075 0.09 0.075)
(0.078 0.09 0.075)
(0.081 0.09 0.075)
(0.084 0.09 0.075)
(0.087 0.09 0.075)
(0.09 0.09 0.075)
(0 0 0.078)
(0.003 0 0.078)
(0.006 0 0.078)
(0.009 0 0.078)
(0.012 0 0.078)
(0.015 0 0.078)
(0.018 0 0.078)
(0.021 0 0.078)
(0.024 0 0.078)
(0.027 0 0.078)
(0.03 0 0.078)
(0.033 0 0.078)
(0.036 0 0.078)
(0.039 0 0.078)
(0.042 0 0.078)
(0.045 0 0.078)
(0.048 0 0.078)
(0.051 0 0.078)
(0.054 0 0.078)
(0.057 0 0.078)
(0.06 0 0.078)
(0.063 0 0.078)
(0.066 0 0.078)
(0.069 0 0.078)
(0.072 0 0.078)
(0.075 0 0.078)
(0.078 0 0.078)
(0.081 0 0.078)
(0.084 0 0.078)
(0.087 0 0.078)
(0.09 0 0.078)
(0 0.09 0.078)
(0.003 0.09 0.078)
(0.006 0.09 0.078)
(0.009 0.09 0.078)
(0.012 0.09 0.078)
(0.015 0.09 0.078)
(0.018 0.09 0.078)
(0.021 0.09 0.078)
(0.024 0.09 0.078)
(0.027 0.09 0.078)
(0.03 0.09 0.078)
(0.033 0.09 0.078)
(0.036 0.09 0.078)
(0.039 0.09 0.078)
(0.042 0.09 0.078)
(0.045 0.09 0.078)
(0.048 0.09 0.078)
(0.051 0.09 0.078)
(0.054 0.09 0.078)
(0.057 0.09 0.078)
(0.06 0.09 0.078)
(0.063 0.09 0.078)
(0.066 0.09 0.078)
(0.069 0.09 0.078)
(0.072 0.09 0.078)
(0.075 0.09 0.078)
(0.078 0.09 0.078)
(0.081 0.09 0.078)
(0.084 0.09 0.078)
(0.087 0.09 0.078)
(0.09 0.09 0.078)
(0 0 0.081)
(0.003 0 0.081)
(0.006 0 0.081)
(0.009 0 0.081)
(0.012 0 0.081)
(0.015 0 0.081)
(0.018 0 0.081)
(0.021 0 0.081)
(0.024 0 0.081)
(0.027 0 0.081)
(0.03 0 0.081)
(0.033 0 0.081)
(0.036 0 0.081)
(0.039 0 0.081)
(0.042 0 0.081)
(0.045 0 0.081)
(0.048 0 0.081)
(0.051 0 0.081)
(0.054 0 0.081)
(0.057 0 0.081)
(0.06 0 0.081)
(0.063 0 0.081)
(0.066 0 0.081)
(0.069 0 0.081)
(0.072 0 0.081)
(0.075 0 0.081)
(0.078 0 0.081)
(0.081 0 0.081)
(0.084 0 0.081)
(0.087 0 0.081)
(0.09 0 0.081)
(0 0.09 0.081)
(0.003 0.09 0.081)
(0.006 0.09 0.081)
(0.009 0.09 0.081)
(0.012 0.09 0.081)
(0.015 0.09 0.081)
(0.018 0.09 0.081)
(0.021 0.09 0.081)
(0.024 0.09 0.081)
(0.027 0.09 0.081)
(0.03 0.09 0.081)
(0.033 0.09 0.081)
(0.036 0.09 0.081)
(0.039 0.09 0.081)
(0.042 0.09 0.081)
(0.045 0.09 0.081)
(0.048 0.09 0.081)
(0.051 0.09 0.081)
(0.054 0.09 0.081)
(0.057 0.09 0.081)
(0.06 0.09 0.081)
(0.063 0.09 0.081)
(0.066 0.09 0.081)
(0.069 0.09 0.081)
(0.072 0.09 0.081)
(0.075 0.09 0.081)
(0.078 0.09 0.081)
(0.081 0.09 0.081)
(0.084 0.09 0.081)
(0.087 0.09 0.081)
(0.09 0.09 0.081)
(0 0 0.084)
(0.003 0 0.084)
(0.006 0 0.084)
(0.009 0 0.084)
(0.012 0 0.084)
(0.015 0 0.084)
(0.018 0 0.084)
(0.021 0 0.084)
(0.024 0 0.084)
(0.027 0 0.084)
(0.03 0 0.084)
(0.033 0 0.084)
(0.036 0 0.084)
(0.039 0 0.084)
(0.042 0 0.084)
(0.045 0 0.084)
(0.048 0 0.084)
(0.051 0 0.084)
(0.054 0 0.084)
(0.057 0 0.084)
(0.06 0 0.084)
(0.063 0 0.084)
(0.066 0 0.084)
(0.069 0 0.084)
(0.072 0 0.084)
(0.075 0 0.084)
(0.078 0 0.084)
(0.081 0 0.084)
(0.084 0 0.084)
(0.087 0 0.084)
(0.09 0 0.084)
(0 0.09 0.084)
(0.003 0.09 0.084)
(0.006 0.09 0.084)
(0.009 0.09 0.084)
(0.012 0.09 0.084)
(0.015 0.09 0.084)
(0.018 0.09 0.084)
(0.021 0.09 0.084)
(0.024 0.09 0.084)
(0.027 0.09 0.084)
(0.03 0.09 0.084)
(0.033 0.09 0.084)
(0.036 0.09 0.084)
(0.039 0.09 0.084)
(0.042 0.09 0.084)
(0.045 0.09 0.084)
(0.048 0.09 0.084)
(0.051 0.09 0.084)
(0.054 0.09 0.084)
(0.057 0.09 0.084)
(0.06 0.09 0.084)
(0.063 0.09 0.084)
(0.066 0.09 0.084)
(0.069 0.09 0.084)
(0.072 0.09 0.084)
(0.075 0.09 0.084)
(0.078 0.09 0.084)
(0.081 0.09 0.084)
(0.084 0.09 0.084)
(0.087 0.09 0.084)
(0.09 0.09 0.084)
(0 0 0.087)
(0.003 0 0.087)
(0.006 0 0.087)
(0.009 0 0.087)
(0.012 0 0.087)
(0.015 0 0.087)
(0.018 0 0.087)
(0.021 0 0.087)
(0.024 0 0.087)
(0.027 0 0.087)
(0.03 0 0.087)
(0.033 0 0.087)
(0.036 0 0.087)
(0.039 0 0.087)
(0.042 0 0.087)
(0.045 0 0.087)
(0.048 0 0.087)
(0.051 0 0.087)
(0.054 0 0.087)
(0.057 0 0.087)
(0.06 0 0.087)
(0.063 0 0.087)
(0.066 0 0.087)
(0.069 0 0.087)
(0.072 0 0.087)
(0.075 0 0.087)
(0.078 0 0.087)
(0.081 0 0.087)
(0.084 0 0.087)
(0.087 0 0.087)
(0.09 0 0.087)
(0 0.09 0.087)
(0.003 0.09 0.087)
(0.006 0.09 0.087)
(0.009 0.09 0.087)
(0.012 0.09 0.087)
(0.015 0.09 0.087)
(0.018 0.09 0.087)
(0.021 0.09 0.087)
(0.024 0.09 0.087)
(0.027 0.09 0.087)
(0.03 0.09 0.087)
(0.033 0.09 0.087)
(0.036 0.09 0.087)
(0.039 0.09 0.087)
(0.042 0.09 0.087)
(0.045 0.09 0.087)
(0.048 0.09 0.087)
(0.051 0.09 0.087)
(0.054 0.09 0.087)
(0.057 0.09 0.087)
(0.06 0.09 0.087)
(0.063 0.09 0.087)
(0.066 0.09 0.087)
(0.069 0.09 0.087)
(0.072 0.09 0.087)
(0.075 0.09 0.087)
(0.078 0.09 0.087)
(0.081 0.09 0.087)
(0.084 0.09 0.087)
(0.087 0.09 0.087)
(0.09 0.09 0.087)
(0 0 0.09)
(0.003 0 0.09)
(0.006 0 0.09)
(0.009 0 0.09)
(0.012 0 0.09)
(0.015 0 0.09)
(0.018 0 0.09)
(0.021 0 0.09)
(0.024 0 0.09)
(0.027 0 0.09)
(0.03 0 0.09)
(0.033 0 0.09)
(0.036 0 0.09)
(0.039 0 0.09)
(0.042 0 0.09)
(0.045 0 0.09)
(0.048 0 0.09)
(0.051 0 0.09)
(0.054 0 0.09)
(0.057 0 0.09)
(0.06 0 0.09)
(0.063 0 0.09)
(0.066 0 0.09)
(0.069 0 0.09)
(0.072 0 0.09)
(0.075 0 0.09)
(0.078 0 0.09)
(0.081 0 0.09)
(0.084 0 0.09)
(0.087 0 0.09)
(0.09 0 0.09)
(0 0.09 0.09)
(0.003 0.09 0.09)
(0.006 0.09 0.09)
(0.009 0.09 0.09)
(0.012 0.09 0.09)
(0.015 0.09 0.09)
(0.018 0.09 0.09)
(0.021 0.09 0.09)
(0.024 0.09 0.09)
(0.027 0.09 0.09)
(0.03 0.09 0.09)
(0.033 0.09 0.09)
(0.036 0.09 0.09)
(0.039 0.09 0.09)
(0.042 0.09 0.09)
(0.045 0.09 0.09)
(0.048 0.09 0.09)
(0.051 0.09 0.09)
(0.054 0.09 0.09)
(0.057 0.09 0.09)
(0.06 0.09 0.09)
(0.063 0.09 0.09)
(0.066 0.09 0.09)
(0.069 0.09 0.09)
(0.072 0.09 0.09)
(0.075 0.09 0.09)
(0.078 0.09 0.09)
(0.081 0.09 0.09)
(0.084 0.09 0.09)
(0.087 0.09 0.09)
(0.09 0.09 0.09)
(0 0 0.093)
(0.003 0 0.093)
(0.006 0 0.093)
(0.009 0 0.093)
(0.012 0 0.093)
(0.015 0 0.093)
(0.018 0 0.093)
(0.021 0 0.093)
(0.024 0 0.093)
(0.027 0 0.093)
(0.03 0 0.093)
(0.033 0 0.093)
(0.036 0 0.093)
(0.039 0 0.093)
(0.042 0 0.093)
(0.045 0 0.093)
(0.048 0 0.093)
(0.051 0 0.093)
(0.054 0 0.093)
(0.057 0 0.093)
(0.06 0 0.093)
(0.063 0 0.093)
(0.066 0 0.093)
(0.069 0 0.093)
(0.072 0 0.093)
(0.075 0 0.093)
(0.078 0 0.093)
(0.081 0 0.093)
(0.084 0 0.093)
(0.087 0 0.093)
(0.09 0 0.093)
(0 0.09 0.093)
(0.003 0.09 0.093)
(0.006 0.09 0.093)
(0.009 0.09 0.093)
(0.012 0.09 0.093)
(0.015 0.09 0.093)
(0.018 0.09 0.093)
(0.021 0.09 0.093)
(0.024 0.09 0.093)
(0.027 0.09 0.093)
(0.03 0.09 0.093)
(0.033 0.09 0.093)
(0.036 0.09 0.093)
(0.039 0.09 0.093)
(0.042 0.09 0.093)
(0.045 0.09 0.093)
(0.048 0.09 0.093)
(0.051 0.09 0.093)
(0.054 0.09 0.093)
(0.057 0.09 0.093)
(0.06 0.09 0.093)
(0.063 0.09 0.093)
(0.066 0.09 0.093)
(0.069 0.09 0.093)
(0.072 0.09 0.093)
(0.075 0.09 0.093)
(0.078 0.09 0.093)
(0.081 0.09 0.093)
(0.084 0.09 0.093)
(0.087 0.09 0.093)
(0.09 0.09 0.093)
(0 0 0.096)
(0.003 0 0.096)
(0.006 0 0.096)
(0.009 0 0.096)
(0.012 0 0.096)
(0.015 0 0.096)
(0.018 0 0.096)
(0.021 0 0.096)
(0.024 0 0.096)
(0.027 0 0.096)
(0.03 0 0.096)
(0.033 0 0.096)
(0.036 0 0.096)
(0.039 0 0.096)
(0.042 0 0.096)
(0.045 0 0.096)
(0.048 0 0.096)
(0.051 0 0.096)
(0.054 0 0.096)
(0.057 0 0.096)
(0.06 0 0.096)
(0.063 0 0.096)
(0.066 0 0.096)
(0.069 0 0.096)
(0.072 0 0.096)
(0.075 0 0.096)
(0.078 0 0.096)
(0.081 0 0.096)
(0.084 0 0.096)
(0.087 0 0.096)
(0.09 0 0.096)
(0 0.09 0.096)
(0.003 0.09 0.096)
(0.006 0.09 0.096)
(0.009 0.09 0.096)
(0.012 0.09 0.096)
(0.015 0.09 0.096)
(0.018 0.09 0.096)
(0.021 0.09 0.096)
(0.024 0.09 0.096)
(0.027 0.09 0.096)
(0.03 0.09 0.096)
(0.033 0.09 0.096)
(0.036 0.09 0.096)
(0.039 0.09 0.096)
(0.042 0.09 0.096)
(0.045 0.09 0.096)
(0.048 0.09 0.096)
(0.051 0.09 0.096)
(0.054 0.09 0.096)
(0.057 0.09 0.096)
(0.06 0.09 0.096)
(0.063 0.09 0.096)
(0.066 0.09 0.096)
(0.069 0.09 0.096)
(0.072 0.09 0.096)
(0.075 0.09 0.096)
(0.078 0.09 0.096)
(0.081 0.09 0.096)
(0.084 0.09 0.096)
(0.087 0.09 0.096)
(0.09 0.09 0.096)
(0 0 0.099)
(0.003 0 0.099)
(0.006 0 0.099)
(0.009 0 0.099)
(0.012 0 0.099)
(0.015 0 0.099)
(0.018 0 0.099)
(0.021 0 0.099)
(0.024 0 0.099)
(0.027 0 0.099)
(0.03 0 0.099)
(0.033 0 0.099)
(0.036 0 0.099)
(0.039 0 0.099)
(0.042 0 0.099)
(0.045 0 0.099)
(0.048 0 0.099)
(0.051 0 0.099)
(0.054 0 0.099)
(0.057 0 0.099)
(0.06 0 0.099)
(0.063 0 0.099)
(0.066 0 0.099)
(0.069 0 0.099)
(0.072 0 0.099)
(0.075 0 0.099)
(0.078 0 0.099)
(0.081 0 0.099)
(0.084 0 0.099)
(0.087 0 0.099)
(0.09 0 0.099)
(0 0.09 0.099)
(0.003 0.09 0.099)
(0.006 0.09 0.099)
(0.009 0.09 0.099)
(0.012 0.09 0.099)
(0.015 0.09 0.099)
(0.018 0.09 0.099)
(0.021 0.09 0.099)
(0.024 0.09 0.099)
(0.027 0.09 0.099)
(0.03 0.09 0.099)
(0.033 0.09 0.099)
(0.036 0.09 0.099)
(0.039 0.09 0.099)
(0.042 0.09 0.099)
(0.045 0.09 0.099)
(0.048 0.09 0.099)
(0.051 0.09 0.099)
(0.054 0.09 0.099)
(0.057 0.09 0.099)
(0.06 0.09 0.099)
(0.063 0.09 0.099)
(0.066 0.09 0.099)
(0.069 0.09 0.099)
(0.072 0.09 0.099)
(0.075 0.09 0.099)
(0.078 0.09 0.099)
(0.081 0.09 0.099)
(0.084 0.09 0.099)
(0.087 0.09 0.099)
(0.09 0.09 0.099)
(0 0 0.102)
(0.003 0 0.102)
(0.006 0 0.102)
(0.009 0 0.102)
(0.012 0 0.102)
(0.015 0 0.102)
(0.018 0 0.102)
(0.021 0 0.102)
(0.024 0 0.102)
(0.027 0 0.102)
(0.03 0 0.102)
(0.033 0 0.102)
(0.036 0 0.102)
(0.039 0 0.102)
(0.042 0 0.102)
(0.045 0 0.102)
(0.048 0 0.102)
(0.051 0 0.102)
(0.054 0 0.102)
(0.057 0 0.102)
(0.06 0 0.102)
(0.063 0 0.102)
(0.066 0 0.102)
(0.069 0 0.102)
(0.072 0 0.102)
(0.075 0 0.102)
(0.078 0 0.102)
(0.081 0 0.102)
(0.084 0 0.102)
(0.087 0 0.102)
(0.09 0 0.102)
(0 0.09 0.102)
(0.003 0.09 0.102)
(0.006 0.09 0.102)
(0.009 0.09 0.102)
(0.012 0.09 0.102)
(0.015 0.09 0.102)
(0.018 0.09 0.102)
(0.021 0.09 0.102)
(0.024 0.09 0.102)
(0.027 0.09 0.102)
(0.03 0.09 0.102)
(0.033 0.09 0.102)
(0.036 0.09 0.102)
(0.039 0.09 0.102)
(0.042 0.09 0.102)
(0.045 0.09 0.102)
(0.048 0.09 0.102)
(0.051 0.09 0.102)
(0.054 0.09 0.102)
(0.057 0.09 0.102)
(0.06 0.09 0.102)
(0.063 0.09 0.102)
(0.066 0.09 0.102)
(0.069 0.09 0.102)
(0.072 0.09 0.102)
(0.075 0.09 0.102)
(0.078 0.09 0.102)
(0.081 0.09 0.102)
(0.084 0.09 0.102)
(0.087 0.09 0.102)
(0.09 0.09 0.102)
(0 0 0.105)
(0.003 0 0.105)
(0.006 0 0.105)
(0.009 0 0.105)
(0.012 0 0.105)
(0.015 0 0.105)
(0.018 0 0.105)
(0.021 0 0.105)
(0.024 0 0.105)
(0.027 0 0.105)
(0.03 0 0.105)
(0.033 0 0.105)
(0.036 0 0.105)
(0.039 0 0.105)
(0.042 0 0.105)
(0.045 0 0.105)
(0.048 0 0.105)
(0.051 0 0.105)
(0.054 0 0.105)
(0.057 0 0.105)
(0.06 0 0.105)
(0.063 0 0.105)
(0.066 0 0.105)
(0.069 0 0.105)
(0.072 0 0.105)
(0.075 0 0.105)
(0.078 0 0.105)
(0.081 0 0.105)
(0.084 0 0.105)
(0.087 0 0.105)
(0.09 0 0.105)
(0 0.09 0.105)
(0.003 0.09 0.105)
(0.006 0.09 0.105)
(0.009 0.09 0.105)
(0.012 0.09 0.105)
(0.015 0.09 0.105)
(0.018 0.09 0.105)
(0.021 0.09 0.105)
(0.024 0.09 0.105)
(0.027 0.09 0.105)
(0.03 0.09 0.105)
(0.033 0.09 0.105)
(0.036 0.09 0.105)
(0.039 0.09 0.105)
(0.042 0.09 0.105)
(0.045 0.09 0.105)
(0.048 0.09 0.105)
(0.051 0.09 0.105)
(0.054 0.09 0.105)
(0.057 0.09 0.105)
(0.06 0.09 0.105)
(0.063 0.09 0.105)
(0.066 0.09 0.105)
(0.069 0.09 0.105)
(0.072 0.09 0.105)
(0.075 0.09 0.105)
(0.078 0.09 0.105)
(0.081 0.09 0.105)
(0.084 0.09 0.105)
(0.087 0.09 0.105)
(0.09 0.09 0.105)
(0 0 0.108)
(0.003 0 0.108)
(0.006 0 0.108)
(0.009 0 0.108)
(0.012 0 0.108)
(0.015 0 0.108)
(0.018 0 0.108)
(0.021 0 0.108)
(0.024 0 0.108)
(0.027 0 0.108)
(0.03 0 0.108)
(0.033 0 0.108)
(0.036 0 0.108)
(0.039 0 0.108)
(0.042 0 0.108)
(0.045 0 0.108)
(0.048 0 0.108)
(0.051 0 0.108)
(0.054 0 0.108)
(0.057 0 0.108)
(0.06 0 0.108)
(0.063 0 0.108)
(0.066 0 0.108)
(0.069 0 0.108)
(0.072 0 0.108)
(0.075 0 0.108)
(0.078 0 0.108)
(0.081 0 0.108)
(0.084 0 0.108)
(0.087 0 0.108)
(0.09 0 0.108)
(0 0.09 0.108)
(0.003 0.09 0.108)
(0.006 0.09 0.108)
(0.009 0.09 0.108)
(0.012 0.09 0.108)
(0.015 0.09 0.108)
(0.018 0.09 0.108)
(0.021 0.09 0.108)
(0.024 0.09 0.108)
(0.027 0.09 0.108)
(0.03 0.09 0.108)
(0.033 0.09 0.108)
(0.036 0.09 0.108)
(0.039 0.09 0.108)
(0.042 0.09 0.108)
(0.045 0.09 0.108)
(0.048 0.09 0.108)
(0.051 0.09 0.108)
(0.054 0.09 0.108)
(0.057 0.09 0.108)
(0.06 0.09 0.108)
(0.063 0.09 0.108)
(0.066 0.09 0.108)
(0.069 0.09 0.108)
(0.072 0.09 0.108)
(0.075 0.09 0.108)
(0.078 0.09 0.108)
(0.081 0.09 0.108)
(0.084 0.09 0.108)
(0.087 0.09 0.108)
(0.09 0.09 0.108)
(0 0 0.111)
(0.003 0 0.111)
(0.006 0 0.111)
(0.009 0 0.111)
(0.012 0 0.111)
(0.015 0 0.111)
(0.018 0 0.111)
(0.021 0 0.111)
(0.024 0 0.111)
(0.027 0 0.111)
(0.03 0 0.111)
(0.033 0 0.111)
(0.036 0 0.111)
(0.039 0 0.111)
(0.042 0 0.111)
(0.045 0 0.111)
(0.048 0 0.111)
(0.051 0 0.111)
(0.054 0 0.111)
(0.057 0 0.111)
(0.06 0 0.111)
(0.063 0 0.111)
(0.066 0 0.111)
(0.069 0 0.111)
(0.072 0 0.111)
(0.075 0 0.111)
(0.078 0 0.111)
(0.081 0 0.111)
(0.084 0 0.111)
(0.087 0 0.111)
(0.09 0 0.111)
(0 0.09 0.111)
(0.003 0.09 0.111)
(0.006 0.09 0.111)
(0.009 0.09 0.111)
(0.012 0.09 0.111)
(0.015 0.09 0.111)
(0.018 0.09 0.111)
(0.021 0.09 0.111)
(0.024 0.09 0.111)
(0.027 0.09 0.111)
(0.03 0.09 0.111)
(0.033 0.09 0.111)
(0.036 0.09 0.111)
(0.039 0.09 0.111)
(0.042 0.09 0.111)
(0.045 0.09 0.111)
(0.048 0.09 0.111)
(0.051 0.09 0.111)
(0.054 0.09 0.111)
(0.057 0.09 0.111)
(0.06 0.09 0.111)
(0.063 0.09 0.111)
(0.066 0.09 0.111)
(0.069 0.09 0.111)
(0.072 0.09 0.111)
(0.075 0.09 0.111)
(0.078 0.09 0.111)
(0.081 0.09 0.111)
(0.084 0.09 0.111)
(0.087 0.09 0.111)
(0.09 0.09 0.111)
(0 0 0.114)
(0.003 0 0.114)
(0.006 0 0.114)
(0.009 0 0.114)
(0.012 0 0.114)
(0.015 0 0.114)
(0.018 0 0.114)
(0.021 0 0.114)
(0.024 0 0.114)
(0.027 0 0.114)
(0.03 0 0.114)
(0.033 0 0.114)
(0.036 0 0.114)
(0.039 0 0.114)
(0.042 0 0.114)
(0.045 0 0.114)
(0.048 0 0.114)
(0.051 0 0.114)
(0.054 0 0.114)
(0.057 0 0.114)
(0.06 0 0.114)
(0.063 0 0.114)
(0.066 0 0.114)
(0.069 0 0.114)
(0.072 0 0.114)
(0.075 0 0.114)
(0.078 0 0.114)
(0.081 0 0.114)
(0.084 0 0.114)
(0.087 0 0.114)
(0.09 0 0.114)
(0 0.09 0.114)
(0.003 0.09 0.114)
(0.006 0.09 0.114)
(0.009 0.09 0.114)
(0.012 0.09 0.114)
(0.015 0.09 0.114)
(0.018 0.09 0.114)
(0.021 0.09 0.114)
(0.024 0.09 0.114)
(0.027 0.09 0.114)
(0.03 0.09 0.114)
(0.033 0.09 0.114)
(0.036 0.09 0.114)
(0.039 0.09 0.114)
(0.042 0.09 0.114)
(0.045 0.09 0.114)
(0.048 0.09 0.114)
(0.051 0.09 0.114)
(0.054 0.09 0.114)
(0.057 0.09 0.114)
(0.06 0.09 0.114)
(0.063 0.09 0.114)
(0.066 0.09 0.114)
(0.069 0.09 0.114)
(0.072 0.09 0.114)
(0.075 0.09 0.114)
(0.078 0.09 0.114)
(0.081 0.09 0.114)
(0.084 0.09 0.114)
(0.087 0.09 0.114)
(0.09 0.09 0.114)
(0 0 0.117)
(0.003 0 0.117)
(0.006 0 0.117)
(0.009 0 0.117)
(0.012 0 0.117)
(0.015 0 0.117)
(0.018 0 0.117)
(0.021 0 0.117)
(0.024 0 0.117)
(0.027 0 0.117)
(0.03 0 0.117)
(0.033 0 0.117)
(0.036 0 0.117)
(0.039 0 0.117)
(0.042 0 0.117)
(0.045 0 0.117)
(0.048 0 0.117)
(0.051 0 0.117)
(0.054 0 0.117)
(0.057 0 0.117)
(0.06 0 0.117)
(0.063 0 0.117)
(0.066 0 0.117)
(0.069 0 0.117)
(0.072 0 0.117)
(0.075 0 0.117)
(0.078 0 0.117)
(0.081 0 0.117)
(0.084 0 0.117)
(0.087 0 0.117)
(0.09 0 0.117)
(0 0.09 0.117)
(0.003 0.09 0.117)
(0.006 0.09 0.117)
(0.009 0.09 0.117)
(0.012 0.09 0.117)
(0.015 0.09 0.117)
(0.018 0.09 0.117)
(0.021 0.09 0.117)
(0.024 0.09 0.117)
(0.027 0.09 0.117)
(0.03 0.09 0.117)
(0.033 0.09 0.117)
(0.036 0.09 0.117)
(0.039 0.09 0.117)
(0.042 0.09 0.117)
(0.045 0.09 0.117)
(0.048 0.09 0.117)
(0.051 0.09 0.117)
(0.054 0.09 0.117)
(0.057 0.09 0.117)
(0.06 0.09 0.117)
(0.063 0.09 0.117)
(0.066 0.09 0.117)
(0.069 0.09 0.117)
(0.072 0.09 0.117)
(0.075 0.09 0.117)
(0.078 0.09 0.117)
(0.081 0.09 0.117)
(0.084 0.09 0.117)
(0.087 0.09 0.117)
(0.09 0.09 0.117)
(0 0 0.12)
(0.003 0 0.12)
(0.006 0 0.12)
(0.009 0 0.12)
(0.012 0 0.12)
(0.015 0 0.12)
(0.018 0 0.12)
(0.021 0 0.12)
(0.024 0 0.12)
(0.027 0 0.12)
(0.03 0 0.12)
(0.033 0 0.12)
(0.036 0 0.12)
(0.039 0 0.12)
(0.042 0 0.12)
(0.045 0 0.12)
(0.048 0 0.12)
(0.051 0 0.12)
(0.054 0 0.12)
(0.057 0 0.12)
(0.06 0 0.12)
(0.063 0 0.12)
(0.066 0 0.12)
(0.069 0 0.12)
(0.072 0 0.12)
(0.075 0 0.12)
(0.078 0 0.12)
(0.081 0 0.12)
(0.084 0 0.12)
(0.087 0 0.12)
(0.09 0 0.12)
(0 0.09 0.12)
(0.003 0.09 0.12)
(0.006 0.09 0.12)
(0.009 0.09 0.12)
(0.012 0.09 0.12)
(0.015 0.09 0.12)
(0.018 0.09 0.12)
(0.021 0.09 0.12)
(0.024 0.09 0.12)
(0.027 0.09 0.12)
(0.03 0.09 0.12)
(0.033 0.09 0.12)
(0.036 0.09 0.12)
(0.039 0.09 0.12)
(0.042 0.09 0.12)
(0.045 0.09 0.12)
(0.048 0.09 0.12)
(0.051 0.09 0.12)
(0.054 0.09 0.12)
(0.057 0.09 0.12)
(0.06 0.09 0.12)
(0.063 0.09 0.12)
(0.066 0.09 0.12)
(0.069 0.09 0.12)
(0.072 0.09 0.12)
(0.075 0.09 0.12)
(0.078 0.09 0.12)
(0.081 0.09 0.12)
(0.084 0.09 0.12)
(0.087 0.09 0.12)
(0.09 0.09 0.12)
(0 0 0.123)
(0.003 0 0.123)
(0.006 0 0.123)
(0.009 0 0.123)
(0.012 0 0.123)
(0.015 0 0.123)
(0.018 0 0.123)
(0.021 0 0.123)
(0.024 0 0.123)
(0.027 0 0.123)
(0.03 0 0.123)
(0.033 0 0.123)
(0.036 0 0.123)
(0.039 0 0.123)
(0.042 0 0.123)
(0.045 0 0.123)
(0.048 0 0.123)
(0.051 0 0.123)
(0.054 0 0.123)
(0.057 0 0.123)
(0.06 0 0.123)
(0.063 0 0.123)
(0.066 0 0.123)
(0.069 0 0.123)
(0.072 0 0.123)
(0.075 0 0.123)
(0.078 0 0.123)
(0.081 0 0.123)
(0.084 0 0.123)
(0.087 0 0.123)
(0.09 0 0.123)
(0 0.09 0.123)
(0.003 0.09 0.123)
(0.006 0.09 0.123)
(0.009 0.09 0.123)
(0.012 0.09 0.123)
(0.015 0.09 0.123)
(0.018 0.09 0.123)
(0.021 0.09 0.123)
(0.024 0.09 0.123)
(0.027 0.09 0.123)
(0.03 0.09 0.123)
(0.033 0.09 0.123)
(0.036 0.09 0.123)
(0.039 0.09 0.123)
(0.042 0.09 0.123)
(0.045 0.09 0.123)
(0.048 0.09 0.123)
(0.051 0.09 0.123)
(0.054 0.09 0.123)
(0.057 0.09 0.123)
(0.06 0.09 0.123)
(0.063 0.09 0.123)
(0.066 0.09 0.123)
(0.069 0.09 0.123)
(0.072 0.09 0.123)
(0.075 0.09 0.123)
(0.078 0.09 0.123)
(0.081 0.09 0.123)
(0.084 0.09 0.123)
(0.087 0.09 0.123)
(0.09 0.09 0.123)
(0 0 0.126)
(0.003 0 0.126)
(0.006 0 0.126)
(0.009 0 0.126)
(0.012 0 0.126)
(0.015 0 0.126)
(0.018 0 0.126)
(0.021 0 0.126)
(0.024 0 0.126)
(0.027 0 0.126)
(0.03 0 0.126)
(0.033 0 0.126)
(0.036 0 0.126)
(0.039 0 0.126)
(0.042 0 0.126)
(0.045 0 0.126)
(0.048 0 0.126)
(0.051 0 0.126)
(0.054 0 0.126)
(0.057 0 0.126)
(0.06 0 0.126)
(0.063 0 0.126)
(0.066 0 0.126)
(0.069 0 0.126)
(0.072 0 0.126)
(0.075 0 0.126)
(0.078 0 0.126)
(0.081 0 0.126)
(0.084 0 0.126)
(0.087 0 0.126)
(0.09 0 0.126)
(0 0.09 0.126)
(0.003 0.09 0.126)
(0.006 0.09 0.126)
(0.009 0.09 0.126)
(0.012 0.09 0.126)
(0.015 0.09 0.126)
(0.018 0.09 0.126)
(0.021 0.09 0.126)
(0.024 0.09 0.126)
(0.027 0.09 0.126)
(0.03 0.09 0.126)
(0.033 0.09 0.126)
(0.036 0.09 0.126)
(0.039 0.09 0.126)
(0.042 0.09 0.126)
(0.045 0.09 0.126)
(0.048 0.09 0.126)
(0.051 0.09 0.126)
(0.054 0.09 0.126)
(0.057 0.09 0.126)
(0.06 0.09 0.126)
(0.063 0.09 0.126)
(0.066 0.09 0.126)
(0.069 0.09 0.126)
(0.072 0.09 0.126)
(0.075 0.09 0.126)
(0.078 0.09 0.126)
(0.081 0.09 0.126)
(0.084 0.09 0.126)
(0.087 0.09 0.126)
(0.09 0.09 0.126)
(0 0 0.129)
(0.003 0 0.129)
(0.006 0 0.129)
(0.009 0 0.129)
(0.012 0 0.129)
(0.015 0 0.129)
(0.018 0 0.129)
(0.021 0 0.129)
(0.024 0 0.129)
(0.027 0 0.129)
(0.03 0 0.129)
(0.033 0 0.129)
(0.036 0 0.129)
(0.039 0 0.129)
(0.042 0 0.129)
(0.045 0 0.129)
(0.048 0 0.129)
(0.051 0 0.129)
(0.054 0 0.129)
(0.057 0 0.129)
(0.06 0 0.129)
(0.063 0 0.129)
(0.066 0 0.129)
(0.069 0 0.129)
(0.072 0 0.129)
(0.075 0 0.129)
(0.078 0 0.129)
(0.081 0 0.129)
(0.084 0 0.129)
(0.087 0 0.129)
(0.09 0 0.129)
(0 0.09 0.129)
(0.003 0.09 0.129)
(0.006 0.09 0.129)
(0.009 0.09 0.129)
(0.012 0.09 0.129)
(0.015 0.09 0.129)
(0.018 0.09 0.129)
(0.021 0.09 0.129)
(0.024 0.09 0.129)
(0.027 0.09 0.129)
(0.03 0.09 0.129)
(0.033 0.09 0.129)
(0.036 0.09 0.129)
(0.039 0.09 0.129)
(0.042 0.09 0.129)
(0.045 0.09 0.129)
(0.048 0.09 0.129)
(0.051 0.09 0.129)
(0.054 0.09 0.129)
(0.057 0.09 0.129)
(0.06 0.09 0.129)
(0.063 0.09 0.129)
(0.066 0.09 0.129)
(0.069 0.09 0.129)
(0.072 0.09 0.129)
(0.075 0.09 0.129)
(0.078 0.09 0.129)
(0.081 0.09 0.129)
(0.084 0.09 0.129)
(0.087 0.09 0.129)
(0.09 0.09 0.129)
(0 0 0.132)
(0.003 0 0.132)
(0.006 0 0.132)
(0.009 0 0.132)
(0.012 0 0.132)
(0.015 0 0.132)
(0.018 0 0.132)
(0.021 0 0.132)
(0.024 0 0.132)
(0.027 0 0.132)
(0.03 0 0.132)
(0.033 0 0.132)
(0.036 0 0.132)
(0.039 0 0.132)
(0.042 0 0.132)
(0.045 0 0.132)
(0.048 0 0.132)
(0.051 0 0.132)
(0.054 0 0.132)
(0.057 0 0.132)
(0.06 0 0.132)
(0.063 0 0.132)
(0.066 0 0.132)
(0.069 0 0.132)
(0.072 0 0.132)
(0.075 0 0.132)
(0.078 0 0.132)
(0.081 0 0.132)
(0.084 0 0.132)
(0.087 0 0.132)
(0.09 0 0.132)
(0 0.09 0.132)
(0.003 0.09 0.132)
(0.006 0.09 0.132)
(0.009 0.09 0.132)
(0.012 0.09 0.132)
(0.015 0.09 0.132)
(0.018 0.09 0.132)
(0.021 0.09 0.132)
(0.024 0.09 0.132)
(0.027 0.09 0.132)
(0.03 0.09 0.132)
(0.033 0.09 0.132)
(0.036 0.09 0.132)
(0.039 0.09 0.132)
(0.042 0.09 0.132)
(0.045 0.09 0.132)
(0.048 0.09 0.132)
(0.051 0.09 0.132)
(0.054 0.09 0.132)
(0.057 0.09 0.132)
(0.06 0.09 0.132)
(0.063 0.09 0.132)
(0.066 0.09 0.132)
(0.069 0.09 0.132)
(0.072 0.09 0.132)
(0.075 0.09 0.132)
(0.078 0.09 0.132)
(0.081 0.09 0.132)
(0.084 0.09 0.132)
(0.087 0.09 0.132)
(0.09 0.09 0.132)
(0 0 0.135)
(0.003 0 0.135)
(0.006 0 0.135)
(0.009 0 0.135)
(0.012 0 0.135)
(0.015 0 0.135)
(0.018 0 0.135)
(0.021 0 0.135)
(0.024 0 0.135)
(0.027 0 0.135)
(0.03 0 0.135)
(0.033 0 0.135)
(0.036 0 0.135)
(0.039 0 0.135)
(0.042 0 0.135)
(0.045 0 0.135)
(0.048 0 0.135)
(0.051 0 0.135)
(0.054 0 0.135)
(0.057 0 0.135)
(0.06 0 0.135)
(0.063 0 0.135)
(0.066 0 0.135)
(0.069 0 0.135)
(0.072 0 0.135)
(0.075 0 0.135)
(0.078 0 0.135)
(0.081 0 0.135)
(0.084 0 0.135)
(0.087 0 0.135)
(0.09 0 0.135)
(0 0.09 0.135)
(0.003 0.09 0.135)
(0.006 0.09 0.135)
(0.009 0.09 0.135)
(0.012 0.09 0.135)
(0.015 0.09 0.135)
(0.018 0.09 0.135)
(0.021 0.09 0.135)
(0.024 0.09 0.135)
(0.027 0.09 0.135)
(0.03 0.09 0.135)
(0.033 0.09 0.135)
(0.036 0.09 0.135)
(0.039 0.09 0.135)
(0.042 0.09 0.135)
(0.045 0.09 0.135)
(0.048 0.09 0.135)
(0.051 0.09 0.135)
(0.054 0.09 0.135)
(0.057 0.09 0.135)
(0.06 0.09 0.135)
(0.063 0.09 0.135)
(0.066 0.09 0.135)
(0.069 0.09 0.135)
(0.072 0.09 0.135)
(0.075 0.09 0.135)
(0.078 0.09 0.135)
(0.081 0.09 0.135)
(0.084 0.09 0.135)
(0.087 0.09 0.135)
(0.09 0.09 0.135)
(0 0 0.138)
(0.003 0 0.138)
(0.006 0 0.138)
(0.009 0 0.138)
(0.012 0 0.138)
(0.015 0 0.138)
(0.018 0 0.138)
(0.021 0 0.138)
(0.024 0 0.138)
(0.027 0 0.138)
(0.03 0 0.138)
(0.033 0 0.138)
(0.036 0 0.138)
(0.039 0 0.138)
(0.042 0 0.138)
(0.045 0 0.138)
(0.048 0 0.138)
(0.051 0 0.138)
(0.054 0 0.138)
(0.057 0 0.138)
(0.06 0 0.138)
(0.063 0 0.138)
(0.066 0 0.138)
(0.069 0 0.138)
(0.072 0 0.138)
(0.075 0 0.138)
(0.078 0 0.138)
(0.081 0 0.138)
(0.084 0 0.138)
(0.087 0 0.138)
(0.09 0 0.138)
(0 0.09 0.138)
(0.003 0.09 0.138)
(0.006 0.09 0.138)
(0.009 0.09 0.138)
(0.012 0.09 0.138)
(0.015 0.09 0.138)
(0.018 0.09 0.138)
(0.021 0.09 0.138)
(0.024 0.09 0.138)
(0.027 0.09 0.138)
(0.03 0.09 0.138)
(0.033 0.09 0.138)
(0.036 0.09 0.138)
(0.039 0.09 0.138)
(0.042 0.09 0.138)
(0.045 0.09 0.138)
(0.048 0.09 0.138)
(0.051 0.09 0.138)
(0.054 0.09 0.138)
(0.057 0.09 0.138)
(0.06 0.09 0.138)
(0.063 0.09 0.138)
(0.066 0.09 0.138)
(0.069 0.09 0.138)
(0.072 0.09 0.138)
(0.075 0.09 0.138)
(0.078 0.09 0.138)
(0.081 0.09 0.138)
(0.084 0.09 0.138)
(0.087 0.09 0.138)
(0.09 0.09 0.138)
(0 0 0.141)
(0.003 0 0.141)
(0.006 0 0.141)
(0.009 0 0.141)
(0.012 0 0.141)
(0.015 0 0.141)
(0.018 0 0.141)
(0.021 0 0.141)
(0.024 0 0.141)
(0.027 0 0.141)
(0.03 0 0.141)
(0.033 0 0.141)
(0.036 0 0.141)
(0.039 0 0.141)
(0.042 0 0.141)
(0.045 0 0.141)
(0.048 0 0.141)
(0.051 0 0.141)
(0.054 0 0.141)
(0.057 0 0.141)
(0.06 0 0.141)
(0.063 0 0.141)
(0.066 0 0.141)
(0.069 0 0.141)
(0.072 0 0.141)
(0.075 0 0.141)
(0.078 0 0.141)
(0.081 0 0.141)
(0.084 0 0.141)
(0.087 0 0.141)
(0.09 0 0.141)
(0 0.09 0.141)
(0.003 0.09 0.141)
(0.006 0.09 0.141)
(0.009 0.09 0.141)
(0.012 0.09 0.141)
(0.015 0.09 0.141)
(0.018 0.09 0.141)
(0.021 0.09 0.141)
(0.024 0.09 0.141)
(0.027 0.09 0.141)
(0.03 0.09 0.141)
(0.033 0.09 0.141)
(0.036 0.09 0.141)
(0.039 0.09 0.141)
(0.042 0.09 0.141)
(0.045 0.09 0.141)
(0.048 0.09 0.141)
(0.051 0.09 0.141)
(0.054 0.09 0.141)
(0.057 0.09 0.141)
(0.06 0.09 0.141)
(0.063 0.09 0.141)
(0.066 0.09 0.141)
(0.069 0.09 0.141)
(0.072 0.09 0.141)
(0.075 0.09 0.141)
(0.078 0.09 0.141)
(0.081 0.09 0.141)
(0.084 0.09 0.141)
(0.087 0.09 0.141)
(0.09 0.09 0.141)
(0 0 0.144)
(0.003 0 0.144)
(0.006 0 0.144)
(0.009 0 0.144)
(0.012 0 0.144)
(0.015 0 0.144)
(0.018 0 0.144)
(0.021 0 0.144)
(0.024 0 0.144)
(0.027 0 0.144)
(0.03 0 0.144)
(0.033 0 0.144)
(0.036 0 0.144)
(0.039 0 0.144)
(0.042 0 0.144)
(0.045 0 0.144)
(0.048 0 0.144)
(0.051 0 0.144)
(0.054 0 0.144)
(0.057 0 0.144)
(0.06 0 0.144)
(0.063 0 0.144)
(0.066 0 0.144)
(0.069 0 0.144)
(0.072 0 0.144)
(0.075 0 0.144)
(0.078 0 0.144)
(0.081 0 0.144)
(0.084 0 0.144)
(0.087 0 0.144)
(0.09 0 0.144)
(0 0.09 0.144)
(0.003 0.09 0.144)
(0.006 0.09 0.144)
(0.009 0.09 0.144)
(0.012 0.09 0.144)
(0.015 0.09 0.144)
(0.018 0.09 0.144)
(0.021 0.09 0.144)
(0.024 0.09 0.144)
(0.027 0.09 0.144)
(0.03 0.09 0.144)
(0.033 0.09 0.144)
(0.036 0.09 0.144)
(0.039 0.09 0.144)
(0.042 0.09 0.144)
(0.045 0.09 0.144)
(0.048 0.09 0.144)
(0.051 0.09 0.144)
(0.054 0.09 0.144)
(0.057 0.09 0.144)
(0.06 0.09 0.144)
(0.063 0.09 0.144)
(0.066 0.09 0.144)
(0.069 0.09 0.144)
(0.072 0.09 0.144)
(0.075 0.09 0.144)
(0.078 0.09 0.144)
(0.081 0.09 0.144)
(0.084 0.09 0.144)
(0.087 0.09 0.144)
(0.09 0.09 0.144)
(0 0 0.147)
(0.003 0 0.147)
(0.006 0 0.147)
(0.009 0 0.147)
(0.012 0 0.147)
(0.015 0 0.147)
(0.018 0 0.147)
(0.021 0 0.147)
(0.024 0 0.147)
(0.027 0 0.147)
(0.03 0 0.147)
(0.033 0 0.147)
(0.036 0 0.147)
(0.039 0 0.147)
(0.042 0 0.147)
(0.045 0 0.147)
(0.048 0 0.147)
(0.051 0 0.147)
(0.054 0 0.147)
(0.057 0 0.147)
(0.06 0 0.147)
(0.063 0 0.147)
(0.066 0 0.147)
(0.069 0 0.147)
(0.072 0 0.147)
(0.075 0 0.147)
(0.078 0 0.147)
(0.081 0 0.147)
(0.084 0 0.147)
(0.087 0 0.147)
(0.09 0 0.147)
(0 0.09 0.147)
(0.003 0.09 0.147)
(0.006 0.09 0.147)
(0.009 0.09 0.147)
(0.012 0.09 0.147)
(0.015 0.09 0.147)
(0.018 0.09 0.147)
(0.021 0.09 0.147)
(0.024 0.09 0.147)
(0.027 0.09 0.147)
(0.03 0.09 0.147)
(0.033 0.09 0.147)
(0.036 0.09 0.147)
(0.039 0.09 0.147)
(0.042 0.09 0.147)
(0.045 0.09 0.147)
(0.048 0.09 0.147)
(0.051 0.09 0.147)
(0.054 0.09 0.147)
(0.057 0.09 0.147)
(0.06 0.09 0.147)
(0.063 0.09 0.147)
(0.066 0.09 0.147)
(0.069 0.09 0.147)
(0.072 0.09 0.147)
(0.075 0.09 0.147)
(0.078 0.09 0.147)
(0.081 0.09 0.147)
(0.084 0.09 0.147)
(0.087 0.09 0.147)
(0.09 0.09 0.147)
(0 0 0.15)
(0.003 0 0.15)
(0.006 0 0.15)
(0.009 0 0.15)
(0.012 0 0.15)
(0.015 0 0.15)
(0.018 0 0.15)
(0.021 0 0.15)
(0.024 0 0.15)
(0.027 0 0.15)
(0.03 0 0.15)
(0.033 0 0.15)
(0.036 0 0.15)
(0.039 0 0.15)
(0.042 0 0.15)
(0.045 0 0.15)
(0.048 0 0.15)
(0.051 0 0.15)
(0.054 0 0.15)
(0.057 0 0.15)
(0.06 0 0.15)
(0.063 0 0.15)
(0.066 0 0.15)
(0.069 0 0.15)
(0.072 0 0.15)
(0.075 0 0.15)
(0.078 0 0.15)
(0.081 0 0.15)
(0.084 0 0.15)
(0.087 0 0.15)
(0.09 0 0.15)
(0 0.09 0.15)
(0.003 0.09 0.15)
(0.006 0.09 0.15)
(0.009 0.09 0.15)
(0.012 0.09 0.15)
(0.015 0.09 0.15)
(0.018 0.09 0.15)
(0.021 0.09 0.15)
(0.024 0.09 0.15)
(0.027 0.09 0.15)
(0.03 0.09 0.15)
(0.033 0.09 0.15)
(0.036 0.09 0.15)
(0.039 0.09 0.15)
(0.042 0.09 0.15)
(0.045 0.09 0.15)
(0.048 0.09 0.15)
(0.051 0.09 0.15)
(0.054 0.09 0.15)
(0.057 0.09 0.15)
(0.06 0.09 0.15)
(0.063 0.09 0.15)
(0.066 0.09 0.15)
(0.069 0.09 0.15)
(0.072 0.09 0.15)
(0.075 0.09 0.15)
(0.078 0.09 0.15)
(0.081 0.09 0.15)
(0.084 0.09 0.15)
(0.087 0.09 0.15)
(0.09 0.09 0.15)
(0 0 0.153)
(0.003 0 0.153)
(0.006 0 0.153)
(0.009 0 0.153)
(0.012 0 0.153)
(0.015 0 0.153)
(0.018 0 0.153)
(0.021 0 0.153)
(0.024 0 0.153)
(0.027 0 0.153)
(0.03 0 0.153)
(0.033 0 0.153)
(0.036 0 0.153)
(0.039 0 0.153)
(0.042 0 0.153)
(0.045 0 0.153)
(0.048 0 0.153)
(0.051 0 0.153)
(0.054 0 0.153)
(0.057 0 0.153)
(0.06 0 0.153)
(0.063 0 0.153)
(0.066 0 0.153)
(0.069 0 0.153)
(0.072 0 0.153)
(0.075 0 0.153)
(0.078 0 0.153)
(0.081 0 0.153)
(0.084 0 0.153)
(0.087 0 0.153)
(0.09 0 0.153)
(0 0.09 0.153)
(0.003 0.09 0.153)
(0.006 0.09 0.153)
(0.009 0.09 0.153)
(0.012 0.09 0.153)
(0.015 0.09 0.153)
(0.018 0.09 0.153)
(0.021 0.09 0.153)
(0.024 0.09 0.153)
(0.027 0.09 0.153)
(0.03 0.09 0.153)
(0.033 0.09 0.153)
(0.036 0.09 0.153)
(0.039 0.09 0.153)
(0.042 0.09 0.153)
(0.045 0.09 0.153)
(0.048 0.09 0.153)
(0.051 0.09 0.153)
(0.054 0.09 0.153)
(0.057 0.09 0.153)
(0.06 0.09 0.153)
(0.063 0.09 0.153)
(0.066 0.09 0.153)
(0.069 0.09 0.153)
(0.072 0.09 0.153)
(0.075 0.09 0.153)
(0.078 0.09 0.153)
(0.081 0.09 0.153)
(0.084 0.09 0.153)
(0.087 0.09 0.153)
(0.09 0.09 0.153)
(0 0 0.156)
(0.003 0 0.156)
(0.006 0 0.156)
(0.009 0 0.156)
(0.012 0 0.156)
(0.015 0 0.156)
(0.018 0 0.156)
(0.021 0 0.156)
(0.024 0 0.156)
(0.027 0 0.156)
(0.03 0 0.156)
(0.033 0 0.156)
(0.036 0 0.156)
(0.039 0 0.156)
(0.042 0 0.156)
(0.045 0 0.156)
(0.048 0 0.156)
(0.051 0 0.156)
(0.054 0 0.156)
(0.057 0 0.156)
(0.06 0 0.156)
(0.063 0 0.156)
(0.066 0 0.156)
(0.069 0 0.156)
(0.072 0 0.156)
(0.075 0 0.156)
(0.078 0 0.156)
(0.081 0 0.156)
(0.084 0 0.156)
(0.087 0 0.156)
(0.09 0 0.156)
(0 0.09 0.156)
(0.003 0.09 0.156)
(0.006 0.09 0.156)
(0.009 0.09 0.156)
(0.012 0.09 0.156)
(0.015 0.09 0.156)
(0.018 0.09 0.156)
(0.021 0.09 0.156)
(0.024 0.09 0.156)
(0.027 0.09 0.156)
(0.03 0.09 0.156)
(0.033 0.09 0.156)
(0.036 0.09 0.156)
(0.039 0.09 0.156)
(0.042 0.09 0.156)
(0.045 0.09 0.156)
(0.048 0.09 0.156)
(0.051 0.09 0.156)
(0.054 0.09 0.156)
(0.057 0.09 0.156)
(0.06 0.09 0.156)
(0.063 0.09 0.156)
(0.066 0.09 0.156)
(0.069 0.09 0.156)
(0.072 0.09 0.156)
(0.075 0.09 0.156)
(0.078 0.09 0.156)
(0.081 0.09 0.156)
(0.084 0.09 0.156)
(0.087 0.09 0.156)
(0.09 0.09 0.156)
(0 0 0.159)
(0.003 0 0.159)
(0.006 0 0.159)
(0.009 0 0.159)
(0.012 0 0.159)
(0.015 0 0.159)
(0.018 0 0.159)
(0.021 0 0.159)
(0.024 0 0.159)
(0.027 0 0.159)
(0.03 0 0.159)
(0.033 0 0.159)
(0.036 0 0.159)
(0.039 0 0.159)
(0.042 0 0.159)
(0.045 0 0.159)
(0.048 0 0.159)
(0.051 0 0.159)
(0.054 0 0.159)
(0.057 0 0.159)
(0.06 0 0.159)
(0.063 0 0.159)
(0.066 0 0.159)
(0.069 0 0.159)
(0.072 0 0.159)
(0.075 0 0.159)
(0.078 0 0.159)
(0.081 0 0.159)
(0.084 0 0.159)
(0.087 0 0.159)
(0.09 0 0.159)
(0 0.09 0.159)
(0.003 0.09 0.159)
(0.006 0.09 0.159)
(0.009 0.09 0.159)
(0.012 0.09 0.159)
(0.015 0.09 0.159)
(0.018 0.09 0.159)
(0.021 0.09 0.159)
(0.024 0.09 0.159)
(0.027 0.09 0.159)
(0.03 0.09 0.159)
(0.033 0.09 0.159)
(0.036 0.09 0.159)
(0.039 0.09 0.159)
(0.042 0.09 0.159)
(0.045 0.09 0.159)
(0.048 0.09 0.159)
(0.051 0.09 0.159)
(0.054 0.09 0.159)
(0.057 0.09 0.159)
(0.06 0.09 0.159)
(0.063 0.09 0.159)
(0.066 0.09 0.159)
(0.069 0.09 0.159)
(0.072 0.09 0.159)
(0.075 0.09 0.159)
(0.078 0.09 0.159)
(0.081 0.09 0.159)
(0.084 0.09 0.159)
(0.087 0.09 0.159)
(0.09 0.09 0.159)
(0 0 0.162)
(0.003 0 0.162)
(0.006 0 0.162)
(0.009 0 0.162)
(0.012 0 0.162)
(0.015 0 0.162)
(0.018 0 0.162)
(0.021 0 0.162)
(0.024 0 0.162)
(0.027 0 0.162)
(0.03 0 0.162)
(0.033 0 0.162)
(0.036 0 0.162)
(0.039 0 0.162)
(0.042 0 0.162)
(0.045 0 0.162)
(0.048 0 0.162)
(0.051 0 0.162)
(0.054 0 0.162)
(0.057 0 0.162)
(0.06 0 0.162)
(0.063 0 0.162)
(0.066 0 0.162)
(0.069 0 0.162)
(0.072 0 0.162)
(0.075 0 0.162)
(0.078 0 0.162)
(0.081 0 0.162)
(0.084 0 0.162)
(0.087 0 0.162)
(0.09 0 0.162)
(0 0.09 0.162)
(0.003 0.09 0.162)
(0.006 0.09 0.162)
(0.009 0.09 0.162)
(0.012 0.09 0.162)
(0.015 0.09 0.162)
(0.018 0.09 0.162)
(0.021 0.09 0.162)
(0.024 0.09 0.162)
(0.027 0.09 0.162)
(0.03 0.09 0.162)
(0.033 0.09 0.162)
(0.036 0.09 0.162)
(0.039 0.09 0.162)
(0.042 0.09 0.162)
(0.045 0.09 0.162)
(0.048 0.09 0.162)
(0.051 0.09 0.162)
(0.054 0.09 0.162)
(0.057 0.09 0.162)
(0.06 0.09 0.162)
(0.063 0.09 0.162)
(0.066 0.09 0.162)
(0.069 0.09 0.162)
(0.072 0.09 0.162)
(0.075 0.09 0.162)
(0.078 0.09 0.162)
(0.081 0.09 0.162)
(0.084 0.09 0.162)
(0.087 0.09 0.162)
(0.09 0.09 0.162)
(0 0 0.165)
(0.003 0 0.165)
(0.006 0 0.165)
(0.009 0 0.165)
(0.012 0 0.165)
(0.015 0 0.165)
(0.018 0 0.165)
(0.021 0 0.165)
(0.024 0 0.165)
(0.027 0 0.165)
(0.03 0 0.165)
(0.033 0 0.165)
(0.036 0 0.165)
(0.039 0 0.165)
(0.042 0 0.165)
(0.045 0 0.165)
(0.048 0 0.165)
(0.051 0 0.165)
(0.054 0 0.165)
(0.057 0 0.165)
(0.06 0 0.165)
(0.063 0 0.165)
(0.066 0 0.165)
(0.069 0 0.165)
(0.072 0 0.165)
(0.075 0 0.165)
(0.078 0 0.165)
(0.081 0 0.165)
(0.084 0 0.165)
(0.087 0 0.165)
(0.09 0 0.165)
(0 0.09 0.165)
(0.003 0.09 0.165)
(0.006 0.09 0.165)
(0.009 0.09 0.165)
(0.012 0.09 0.165)
(0.015 0.09 0.165)
(0.018 0.09 0.165)
(0.021 0.09 0.165)
(0.024 0.09 0.165)
(0.027 0.09 0.165)
(0.03 0.09 0.165)
(0.033 0.09 0.165)
(0.036 0.09 0.165)
(0.039 0.09 0.165)
(0.042 0.09 0.165)
(0.045 0.09 0.165)
(0.048 0.09 0.165)
(0.051 0.09 0.165)
(0.054 0.09 0.165)
(0.057 0.09 0.165)
(0.06 0.09 0.165)
(0.063 0.09 0.165)
(0.066 0.09 0.165)
(0.069 0.09 0.165)
(0.072 0.09 0.165)
(0.075 0.09 0.165)
(0.078 0.09 0.165)
(0.081 0.09 0.165)
(0.084 0.09 0.165)
(0.087 0.09 0.165)
(0.09 0.09 0.165)
(0 0 0.168)
(0.003 0 0.168)
(0.006 0 0.168)
(0.009 0 0.168)
(0.012 0 0.168)
(0.015 0 0.168)
(0.018 0 0.168)
(0.021 0 0.168)
(0.024 0 0.168)
(0.027 0 0.168)
(0.03 0 0.168)
(0.033 0 0.168)
(0.036 0 0.168)
(0.039 0 0.168)
(0.042 0 0.168)
(0.045 0 0.168)
(0.048 0 0.168)
(0.051 0 0.168)
(0.054 0 0.168)
(0.057 0 0.168)
(0.06 0 0.168)
(0.063 0 0.168)
(0.066 0 0.168)
(0.069 0 0.168)
(0.072 0 0.168)
(0.075 0 0.168)
(0.078 0 0.168)
(0.081 0 0.168)
(0.084 0 0.168)
(0.087 0 0.168)
(0.09 0 0.168)
(0 0.09 0.168)
(0.003 0.09 0.168)
(0.006 0.09 0.168)
(0.009 0.09 0.168)
(0.012 0.09 0.168)
(0.015 0.09 0.168)
(0.018 0.09 0.168)
(0.021 0.09 0.168)
(0.024 0.09 0.168)
(0.027 0.09 0.168)
(0.03 0.09 0.168)
(0.033 0.09 0.168)
(0.036 0.09 0.168)
(0.039 0.09 0.168)
(0.042 0.09 0.168)
(0.045 0.09 0.168)
(0.048 0.09 0.168)
(0.051 0.09 0.168)
(0.054 0.09 0.168)
(0.057 0.09 0.168)
(0.06 0.09 0.168)
(0.063 0.09 0.168)
(0.066 0.09 0.168)
(0.069 0.09 0.168)
(0.072 0.09 0.168)
(0.075 0.09 0.168)
(0.078 0.09 0.168)
(0.081 0.09 0.168)
(0.084 0.09 0.168)
(0.087 0.09 0.168)
(0.09 0.09 0.168)
(0 0 0.171)
(0.003 0 0.171)
(0.006 0 0.171)
(0.009 0 0.171)
(0.012 0 0.171)
(0.015 0 0.171)
(0.018 0 0.171)
(0.021 0 0.171)
(0.024 0 0.171)
(0.027 0 0.171)
(0.03 0 0.171)
(0.033 0 0.171)
(0.036 0 0.171)
(0.039 0 0.171)
(0.042 0 0.171)
(0.045 0 0.171)
(0.048 0 0.171)
(0.051 0 0.171)
(0.054 0 0.171)
(0.057 0 0.171)
(0.06 0 0.171)
(0.063 0 0.171)
(0.066 0 0.171)
(0.069 0 0.171)
(0.072 0 0.171)
(0.075 0 0.171)
(0.078 0 0.171)
(0.081 0 0.171)
(0.084 0 0.171)
(0.087 0 0.171)
(0.09 0 0.171)
(0 0.09 0.171)
(0.003 0.09 0.171)
(0.006 0.09 0.171)
(0.009 0.09 0.171)
(0.012 0.09 0.171)
(0.015 0.09 0.171)
(0.018 0.09 0.171)
(0.021 0.09 0.171)
(0.024 0.09 0.171)
(0.027 0.09 0.171)
(0.03 0.09 0.171)
(0.033 0.09 0.171)
(0.036 0.09 0.171)
(0.039 0.09 0.171)
(0.042 0.09 0.171)
(0.045 0.09 0.171)
(0.048 0.09 0.171)
(0.051 0.09 0.171)
(0.054 0.09 0.171)
(0.057 0.09 0.171)
(0.06 0.09 0.171)
(0.063 0.09 0.171)
(0.066 0.09 0.171)
(0.069 0.09 0.171)
(0.072 0.09 0.171)
(0.075 0.09 0.171)
(0.078 0.09 0.171)
(0.081 0.09 0.171)
(0.084 0.09 0.171)
(0.087 0.09 0.171)
(0.09 0.09 0.171)
(0 0 0.174)
(0.003 0 0.174)
(0.006 0 0.174)
(0.009 0 0.174)
(0.012 0 0.174)
(0.015 0 0.174)
(0.018 0 0.174)
(0.021 0 0.174)
(0.024 0 0.174)
(0.027 0 0.174)
(0.03 0 0.174)
(0.033 0 0.174)
(0.036 0 0.174)
(0.039 0 0.174)
(0.042 0 0.174)
(0.045 0 0.174)
(0.048 0 0.174)
(0.051 0 0.174)
(0.054 0 0.174)
(0.057 0 0.174)
(0.06 0 0.174)
(0.063 0 0.174)
(0.066 0 0.174)
(0.069 0 0.174)
(0.072 0 0.174)
(0.075 0 0.174)
(0.078 0 0.174)
(0.081 0 0.174)
(0.084 0 0.174)
(0.087 0 0.174)
(0.09 0 0.174)
(0 0.09 0.174)
(0.003 0.09 0.174)
(0.006 0.09 0.174)
(0.009 0.09 0.174)
(0.012 0.09 0.174)
(0.015 0.09 0.174)
(0.018 0.09 0.174)
(0.021 0.09 0.174)
(0.024 0.09 0.174)
(0.027 0.09 0.174)
(0.03 0.09 0.174)
(0.033 0.09 0.174)
(0.036 0.09 0.174)
(0.039 0.09 0.174)
(0.042 0.09 0.174)
(0.045 0.09 0.174)
(0.048 0.09 0.174)
(0.051 0.09 0.174)
(0.054 0.09 0.174)
(0.057 0.09 0.174)
(0.06 0.09 0.174)
(0.063 0.09 0.174)
(0.066 0.09 0.174)
(0.069 0.09 0.174)
(0.072 0.09 0.174)
(0.075 0.09 0.174)
(0.078 0.09 0.174)
(0.081 0.09 0.174)
(0.084 0.09 0.174)
(0.087 0.09 0.174)
(0.09 0.09 0.174)
(0 0 0.177)
(0.003 0 0.177)
(0.006 0 0.177)
(0.009 0 0.177)
(0.012 0 0.177)
(0.015 0 0.177)
(0.018 0 0.177)
(0.021 0 0.177)
(0.024 0 0.177)
(0.027 0 0.177)
(0.03 0 0.177)
(0.033 0 0.177)
(0.036 0 0.177)
(0.039 0 0.177)
(0.042 0 0.177)
(0.045 0 0.177)
(0.048 0 0.177)
(0.051 0 0.177)
(0.054 0 0.177)
(0.057 0 0.177)
(0.06 0 0.177)
(0.063 0 0.177)
(0.066 0 0.177)
(0.069 0 0.177)
(0.072 0 0.177)
(0.075 0 0.177)
(0.078 0 0.177)
(0.081 0 0.177)
(0.084 0 0.177)
(0.087 0 0.177)
(0.09 0 0.177)
(0 0.09 0.177)
(0.003 0.09 0.177)
(0.006 0.09 0.177)
(0.009 0.09 0.177)
(0.012 0.09 0.177)
(0.015 0.09 0.177)
(0.018 0.09 0.177)
(0.021 0.09 0.177)
(0.024 0.09 0.177)
(0.027 0.09 0.177)
(0.03 0.09 0.177)
(0.033 0.09 0.177)
(0.036 0.09 0.177)
(0.039 0.09 0.177)
(0.042 0.09 0.177)
(0.045 0.09 0.177)
(0.048 0.09 0.177)
(0.051 0.09 0.177)
(0.054 0.09 0.177)
(0.057 0.09 0.177)
(0.06 0.09 0.177)
(0.063 0.09 0.177)
(0.066 0.09 0.177)
(0.069 0.09 0.177)
(0.072 0.09 0.177)
(0.075 0.09 0.177)
(0.078 0.09 0.177)
(0.081 0.09 0.177)
(0.084 0.09 0.177)
(0.087 0.09 0.177)
(0.09 0.09 0.177)
(0 0 0.18)
(0.003 0 0.18)
(0.006 0 0.18)
(0.009 0 0.18)
(0.012 0 0.18)
(0.015 0 0.18)
(0.018 0 0.18)
(0.021 0 0.18)
(0.024 0 0.18)
(0.027 0 0.18)
(0.03 0 0.18)
(0.033 0 0.18)
(0.036 0 0.18)
(0.039 0 0.18)
(0.042 0 0.18)
(0.045 0 0.18)
(0.048 0 0.18)
(0.051 0 0.18)
(0.054 0 0.18)
(0.057 0 0.18)
(0.06 0 0.18)
(0.063 0 0.18)
(0.066 0 0.18)
(0.069 0 0.18)
(0.072 0 0.18)
(0.075 0 0.18)
(0.078 0 0.18)
(0.081 0 0.18)
(0.084 0 0.18)
(0.087 0 0.18)
(0.09 0 0.18)
(0 0.09 0.18)
(0.003 0.09 0.18)
(0.006 0.09 0.18)
(0.009 0.09 0.18)
(0.012 0.09 0.18)
(0.015 0.09 0.18)
(0.018 0.09 0.18)
(0.021 0.09 0.18)
(0.024 0.09 0.18)
(0.027 0.09 0.18)
(0.03 0.09 0.18)
(0.033 0.09 0.18)
(0.036 0.09 0.18)
(0.039 0.09 0.18)
(0.042 0.09 0.18)
(0.045 0.09 0.18)
(0.048 0.09 0.18)
(0.051 0.09 0.18)
(0.054 0.09 0.18)
(0.057 0.09 0.18)
(0.06 0.09 0.18)
(0.063 0.09 0.18)
(0.066 0.09 0.18)
(0.069 0.09 0.18)
(0.072 0.09 0.18)
(0.075 0.09 0.18)
(0.078 0.09 0.18)
(0.081 0.09 0.18)
(0.084 0.09 0.18)
(0.087 0.09 0.18)
(0.09 0.09 0.18)
)


// ************************************************************************* //
